,in:WWRSouth,in:SillHT,in:WindowHT,in:BalconyDepth,in:Split,in:SVdataAVG,flyID,out:Effectivedepth,out:ZoneMeetsDF1,out:AreameetingTargetlvl,out:DFdata,out:SVdata,out:SVdata2D
0,0.9000000000000001,0.9,1.0,0.08333333333333333,0.0,1.0,WWRSouth0.55_SillHT1.5_WindowHT1.2_BalconyDepth0.15_Split0,9.0,False,44.4,2.81;2.87;2.93;2.99;3.05;3.11;3.17;4.21;2.75;2.87;3.24;3.55;3.8;4.01;4.16;4.11;2.68;2.74;3.14;3.46;3.73;3.94;4.1;4.02;2.62;2.68;3.0;3.37;3.66;3.9;4.0;3.92;2.56;2.62;2.72;3.24;3.63;3.96;3.91;3.82;2.5;2.56;2.62;2.94;3.75;3.9;3.81;3.73;2.44;2.5;2.56;2.62;3.89;3.8;3.72;3.63;0.14;0.15;0.15;0.15;0.16;0.16;0.16;0.43;0.14;0.15;0.21;0.27;0.32;0.37;0.42;0.42;0.14;0.14;0.2;0.26;0.32;0.37;0.42;0.41;0.13;0.14;0.19;0.25;0.31;0.37;0.4;0.4;0.13;0.13;0.15;0.24;0.31;0.39;0.39;0.39;0.13;0.13;0.14;0.19;0.35;0.39;0.38;0.38;0.13;0.13;0.13;0.14;0.38;0.38;0.37;0.36;0.07;0.07;0.07;0.07;0.07;0.07;0.07;0.13;0.07;0.07;0.08;0.09;0.1;0.11;0.12;0.12;2.9;3.64;3.32;2.85;3.02;3.85;4.36;4.3;4.21;4.01;0.06;0.08;0.07;0.09;0.1;0.12;0.11;0.12;0.12;0.1;,"[31.01 31.01 31.01 31.01 31.69 31.01 31.01 31.69 31.69 33.02 31.01 31.69
 32.37 33.02 33.78 31.69 33.02 33.02 33.78 33.78 33.02 33.78 33.78 33.78
 34.42 33.78 33.78 33.78 34.42 34.42 33.78 33.78 34.42 34.42 35.07 33.78
 34.42 34.42 35.07 35.72]","[[31.01 31.01 31.01 31.01 31.69 31.01 31.01 31.69]
 [31.69 33.02 31.01 31.69 32.37 33.02 33.78 31.69]
 [33.02 33.02 33.78 33.78 33.02 33.78 33.78 33.78]
 [34.42 33.78 33.78 33.78 34.42 34.42 33.78 33.78]
 [34.42 34.42 35.07 33.78 34.42 34.42 35.07 35.72]]"
1,0.09999999999999998,0.9999999999999999,0.5,0.0,1.0,1.0,WWRSouth0.15_SillHT1.65_WindowHT1.0_BalconyDepth0_Split1,9.0,False,44.4,2.05;2.1;2.16;2.21;2.27;2.32;2.37;2.33;2.01;2.09;2.25;2.35;2.41;2.42;2.38;2.31;1.98;2.04;2.21;2.32;2.39;2.4;2.37;2.3;1.95;2.0;2.15;2.29;2.37;2.39;2.35;2.28;1.91;1.97;2.04;2.25;2.36;2.4;2.33;2.26;1.88;1.94;1.99;2.14;2.39;2.39;2.32;2.24;1.85;1.9;1.96;2.01;2.44;2.37;2.3;2.23;0.09;0.1;0.1;0.1;0.1;0.11;0.11;0.26;0.09;0.1;0.13;0.16;0.19;0.22;0.25;0.26;0.09;0.09;0.13;0.16;0.19;0.22;0.25;0.25;0.09;0.09;0.12;0.15;0.19;0.22;0.24;0.24;0.09;0.09;0.1;0.14;0.19;0.23;0.23;0.23;0.09;0.09;0.09;0.12;0.2;0.23;0.22;0.22;0.08;0.09;0.09;0.09;0.22;0.22;0.22;0.22;0.04;0.04;0.04;0.05;0.05;0.05;0.05;0.08;0.04;0.04;0.05;0.06;0.07;0.07;0.08;0.08;2.11;2.39;2.29;2.06;2.17;2.44;2.41;2.34;2.46;2.46;0.04;0.05;0.04;0.06;0.07;0.08;0.07;0.08;0.08;0.06;,"[31.01 31.01 31.01 31.01 31.69 31.01 31.01 31.69 31.69 33.02 31.01 31.69
 32.37 33.02 33.78 31.69 33.02 33.02 33.78 33.78 33.02 33.78 33.78 33.78
 34.42 33.78 33.78 33.78 34.42 34.42 33.78 33.78 34.42 34.42 35.07 33.78
 34.42 34.42 35.07 35.72]","[[31.01 31.01 31.01 31.01 31.69 31.01 31.01 31.69]
 [31.69 33.02 31.01 31.69 32.37 33.02 33.78 31.69]
 [33.02 33.02 33.78 33.78 33.02 33.78 33.78 33.78]
 [34.42 33.78 33.78 33.78 34.42 34.42 33.78 33.78]
 [34.42 34.42 35.07 33.78 34.42 34.42 35.07 35.72]]"
3,0.9000000000000001,0.7,0.0,0.25,1.0,0.6504060798942628,WWRSouth0.55_SillHT1.2_WindowHT0.8_BalconyDepth0.45_Split1,9.0,False,44.4,5.02;5.08;5.13;5.19;5.25;5.31;5.37;5.54;4.88;4.97;5.2;5.36;5.46;5.5;5.49;5.4;4.74;4.8;5.05;5.22;5.33;5.38;5.37;5.27;4.61;4.67;4.87;5.07;5.2;5.26;5.23;5.13;4.47;4.53;4.61;4.91;5.08;5.18;5.1;5.0;4.34;4.39;4.45;4.65;5.05;5.06;4.96;4.86;4.2;4.26;4.32;4.37;5.02;4.92;4.83;4.73;0.45;0.45;0.46;0.46;0.46;0.47;0.47;0.68;0.44;0.45;0.5;0.54;0.58;0.62;0.66;0.66;0.43;0.43;0.48;0.52;0.56;0.6;0.64;0.64;0.41;0.42;0.45;0.51;0.55;0.6;0.62;0.62;0.4;0.4;0.41;0.48;0.54;0.6;0.6;0.6;0.39;0.39;0.39;0.43;0.56;0.59;0.58;0.58;0.37;0.38;0.38;0.38;0.57;0.57;0.56;0.56;0.1;0.1;0.1;0.1;0.1;0.11;0.11;0.16;0.1;0.1;0.11;0.13;0.14;0.15;0.16;0.16;5.2;5.6;5.44;5.12;5.25;5.71;5.76;5.67;5.78;5.74;0.09;0.11;0.09;0.12;0.14;0.15;0.15;0.15;0.15;0.13;,"[31.01 31.01 31.01 28.25 24.11 30.46 29.74 30.42 25.51 15.14 29.03 29.71
 29.71 26.13 15.9  29.71 30.36 30.36 27.67 21.35 30.36 31.84 31.84 29.1
 24.18 31.11 31.82 32.5  26.88 15.9  31.11 31.79 31.76 27.53 16.56 31.66
 32.31 32.31 30.84 26.14]","[[31.01 31.01 31.01 28.25 24.11 30.46 29.74 30.42]
 [25.51 15.14 29.03 29.71 29.71 26.13 15.9  29.71]
 [30.36 30.36 27.67 21.35 30.36 31.84 31.84 29.1 ]
 [24.18 31.11 31.82 32.5  26.88 15.9  31.11 31.79]
 [31.76 27.53 16.56 31.66 32.31 32.31 30.84 26.14]]"
4,0.2,0.8,0.5,0.4166666666666667,0.0,0.4169840524512616,WWRSouth0.2_SillHT1.35_WindowHT1.0_BalconyDepth0.75_Split0,5.48,False,16.6,0.32;0.33;0.34;0.35;0.36;0.38;0.39;1.2;0.32;0.37;0.58;0.76;0.92;1.07;1.2;1.19;0.32;0.33;0.56;0.75;0.93;1.08;1.23;1.19;0.32;0.34;0.51;0.74;0.94;1.12;1.22;1.19;0.33;0.34;0.37;0.7;0.97;1.23;1.22;1.18;0.33;0.34;0.35;0.54;1.12;1.25;1.22;1.18;0.33;0.34;0.35;0.36;1.29;1.25;1.21;1.17;0.05;0.05;0.05;0.05;0.05;0.05;0.06;0.18;0.05;0.05;0.08;0.11;0.13;0.15;0.17;0.18;0.05;0.05;0.08;0.1;0.13;0.15;0.17;0.17;0.05;0.05;0.07;0.1;0.13;0.15;0.17;0.17;0.05;0.05;0.05;0.09;0.13;0.16;0.16;0.16;0.04;0.05;0.05;0.07;0.14;0.16;0.16;0.16;0.04;0.04;0.05;0.05;0.16;0.16;0.15;0.15;0.02;0.02;0.02;0.02;0.03;0.03;0.03;0.04;0.02;0.02;0.03;0.03;0.04;0.04;0.04;0.04;0.33;0.73;0.55;0.32;0.39;0.85;1.22;1.2;1.1;0.96;0.02;0.03;0.02;0.03;0.04;0.04;0.04;0.04;0.04;0.03;,"[31.01 28.89 28.25 24.79 18.54 30.46 26.93 27.58 20.71  6.12 29.03 26.22
 25.51 21.22  7.44 29.71 26.89 26.2  24.16 15.07 30.36 29.01 27.68 25.6
 17.9  31.11 29.66 28.95 22.74  6.81 31.11 29.64 28.21 23.39  8.8  31.66
 30.87 30.19 28.15 23.34]","[[31.01 28.89 28.25 24.79 18.54 30.46 26.93 27.58]
 [20.71  6.12 29.03 26.22 25.51 21.22  7.44 29.71]
 [26.89 26.2  24.16 15.07 30.36 29.01 27.68 25.6 ]
 [17.9  31.11 29.66 28.95 22.74  6.81 31.11 29.64]
 [28.21 23.39  8.8  31.66 30.87 30.19 28.15 23.34]]"
5,0.3,0.3,1.0,0.4166666666666667,1.0,0.4169840524512616,WWRSouth0.25_SillHT0.6_WindowHT1.2_BalconyDepth0.75_Split1,9.0,False,44.4,1.52;1.54;1.57;1.6;1.62;1.65;1.68;2.1;1.48;1.53;1.68;1.81;1.91;2.0;2.06;2.05;1.44;1.47;1.63;1.76;1.87;1.96;2.02;1.99;1.41;1.43;1.56;1.71;1.83;1.93;1.97;1.94;1.37;1.4;1.44;1.65;1.8;1.93;1.91;1.88;1.33;1.36;1.39;1.51;1.83;1.89;1.86;1.83;1.29;1.32;1.35;1.38;1.87;1.84;1.81;1.77;0.15;0.15;0.15;0.16;0.16;0.16;0.16;0.2;0.15;0.15;0.16;0.17;0.18;0.19;0.19;0.19;0.14;0.14;0.16;0.17;0.18;0.18;0.19;0.19;0.14;0.14;0.15;0.16;0.17;0.18;0.18;0.18;0.13;0.14;0.14;0.16;0.17;0.18;0.18;0.18;0.13;0.13;0.14;0.15;0.17;0.18;0.17;0.17;0.13;0.13;0.13;0.14;0.17;0.17;0.17;0.17;0.05;0.05;0.05;0.05;0.05;0.06;0.06;0.07;0.05;0.05;0.06;0.06;0.06;0.06;0.07;0.06;1.57;1.87;1.74;1.54;1.62;1.96;2.17;2.15;2.11;2.03;0.05;0.05;0.05;0.06;0.06;0.06;0.06;0.06;0.06;0.06;,"[31.01 28.89 28.25 24.79 18.54 30.46 26.93 27.58 20.71  6.12 29.03 26.22
 25.51 21.22  7.44 29.71 26.89 26.2  24.16 15.07 30.36 29.01 27.68 25.6
 17.9  31.11 29.66 28.95 22.74  6.81 31.11 29.64 28.21 23.39  8.8  31.66
 30.87 30.19 28.15 23.34]","[[31.01 28.89 28.25 24.79 18.54 30.46 26.93 27.58]
 [20.71  6.12 29.03 26.22 25.51 21.22  7.44 29.71]
 [26.89 26.2  24.16 15.07 30.36 29.01 27.68 25.6 ]
 [17.9  31.11 29.66 28.95 22.74  6.81 31.11 29.64]
 [28.21 23.39  8.8  31.66 30.87 30.19 28.15 23.34]]"
6,0.3,0.8,0.5,0.5833333333333334,1.0,0.2544477487348047,WWRSouth0.25_SillHT1.35_WindowHT1.0_BalconyDepth1.05_Split1,9.0,False,44.4,3.79;3.88;3.96;4.05;4.13;4.22;4.3;3.88;3.71;3.81;3.95;4.02;4.03;3.99;3.88;3.79;3.63;3.72;3.86;3.94;3.95;3.9;3.78;3.7;3.55;3.64;3.77;3.85;3.86;3.8;3.69;3.61;3.48;3.56;3.65;3.77;3.77;3.68;3.6;3.52;3.4;3.48;3.57;3.67;3.68;3.59;3.51;3.43;3.32;3.4;3.49;3.57;3.57;3.5;3.42;3.34;0.37;0.37;0.38;0.39;0.39;0.4;0.41;0.59;0.36;0.37;0.42;0.47;0.51;0.54;0.57;0.57;0.35;0.36;0.41;0.45;0.49;0.53;0.56;0.55;0.34;0.35;0.39;0.44;0.48;0.52;0.54;0.54;0.33;0.34;0.35;0.42;0.48;0.53;0.53;0.52;0.32;0.33;0.34;0.38;0.49;0.52;0.51;0.51;0.31;0.32;0.33;0.33;0.51;0.5;0.5;0.49;0.12;0.12;0.12;0.12;0.13;0.13;0.13;0.17;0.12;0.12;0.13;0.14;0.15;0.16;0.17;0.17;3.92;4.18;4.09;3.84;3.98;4.22;4.05;3.97;4.15;4.2;0.12;0.13;0.12;0.13;0.15;0.16;0.15;0.16;0.16;0.14;,"[28.25 27.43 24.79 22.02 17.21 27.66 25.47 24.02 16.58  4.79 25.54 25.51
 21.3  16.44  6.12 26.2  26.2  22.02 20.75 14.4  26.85 27.62 24.25 22.18
 16.57 28.27 28.27 26.15 19.36  5.48 28.27 28.93 25.4  20.01  8.13 29.54
 30.19 28.8  26.14 23.34]","[[28.25 27.43 24.79 22.02 17.21 27.66 25.47 24.02]
 [16.58  4.79 25.54 25.51 21.3  16.44  6.12 26.2 ]
 [26.2  22.02 20.75 14.4  26.85 27.62 24.25 22.18]
 [16.57 28.27 28.27 26.15 19.36  5.48 28.27 28.93]
 [25.4  20.01  8.13 29.54 30.19 28.8  26.14 23.34]]"
7,0.6000000000000001,0.6,0.5,0.25,1.0,0.6504060798942628,WWRSouth0.4_SillHT1.05_WindowHT1.0_BalconyDepth0.45_Split1,14.34,True,75.0,4.83;4.9;4.97;5.04;5.1;5.17;5.24;5.48;4.7;4.8;5.0;5.16;5.27;5.34;5.37;5.33;4.58;4.65;4.86;5.02;5.13;5.2;5.23;5.18;4.45;4.52;4.7;4.88;5.0;5.07;5.07;5.02;4.33;4.39;4.48;4.72;4.87;4.96;4.92;4.87;4.2;4.27;4.34;4.5;4.79;4.82;4.77;4.72;4.07;4.14;4.21;4.28;4.71;4.66;4.61;4.56;1.06;1.08;1.1;1.11;1.13;1.15;1.17;1.19;1.03;1.06;1.11;1.15;1.17;1.18;1.18;1.16;1.01;1.02;1.08;1.12;1.14;1.15;1.15;1.13;0.98;1.0;1.04;1.09;1.11;1.12;1.12;1.1;0.95;0.97;0.99;1.05;1.09;1.1;1.09;1.07;0.93;0.95;0.96;1.0;1.07;1.07;1.05;1.04;0.9;0.92;0.94;0.95;1.06;1.04;1.02;1.01;0.48;0.49;0.49;0.5;0.51;0.51;0.52;0.51;0.47;0.48;0.49;0.5;0.5;0.5;0.5;0.49;5.01;5.41;5.24;4.92;5.06;5.53;5.68;5.64;5.65;5.58;0.46;0.48;0.46;0.48;0.49;0.49;0.49;0.48;0.48;0.49;,"[31.01 31.01 31.01 28.25 24.11 30.46 29.74 30.42 25.51 15.14 29.03 29.71
 29.71 26.13 15.9  29.71 30.36 30.36 27.67 21.35 30.36 31.84 31.84 29.1
 24.18 31.11 31.82 32.5  26.88 15.9  31.11 31.79 31.76 27.53 16.56 31.66
 32.31 32.31 30.84 26.14]","[[31.01 31.01 31.01 28.25 24.11 30.46 29.74 30.42]
 [25.51 15.14 29.03 29.71 29.71 26.13 15.9  29.71]
 [30.36 30.36 27.67 21.35 30.36 31.84 31.84 29.1 ]
 [24.18 31.11 31.82 32.5  26.88 15.9  31.11 31.79]
 [31.76 27.53 16.56 31.66 32.31 32.31 30.84 26.14]]"
8,1.0,0.7,1.0,0.0,0.0,1.0,WWRSouth0.6_SillHT1.2_WindowHT1.2_BalconyDepth0_Split0,9.0,False,44.4,3.3;3.36;3.43;3.49;3.56;3.62;3.69;4.96;3.22;3.36;3.78;4.14;4.44;4.69;4.88;4.84;3.14;3.21;3.66;4.03;4.34;4.6;4.8;4.72;3.07;3.13;3.49;3.92;4.26;4.55;4.68;4.6;2.99;3.06;3.17;3.76;4.21;4.61;4.56;4.48;2.92;2.98;3.05;3.41;4.34;4.52;4.44;4.35;2.84;2.91;2.97;3.04;4.49;4.4;4.32;4.23;0.2;0.2;0.2;0.21;0.21;0.21;0.21;0.6;0.2;0.21;0.29;0.37;0.44;0.51;0.58;0.59;0.19;0.19;0.28;0.35;0.43;0.5;0.57;0.57;0.18;0.19;0.25;0.34;0.42;0.5;0.56;0.55;0.18;0.18;0.19;0.32;0.42;0.54;0.54;0.54;0.17;0.17;0.18;0.25;0.47;0.53;0.52;0.52;0.17;0.17;0.17;0.17;0.52;0.51;0.51;0.5;0.09;0.09;0.09;0.09;0.09;0.1;0.1;0.17;0.09;0.09;0.11;0.12;0.13;0.15;0.16;0.17;3.41;4.26;3.89;3.35;3.55;4.51;5.14;5.08;4.94;4.7;0.09;0.1;0.09;0.11;0.13;0.16;0.15;0.16;0.16;0.12;,"[31.01 31.01 31.01 31.01 31.69 31.01 31.01 31.69 31.69 33.02 31.01 31.69
 32.37 33.02 33.78 31.69 33.02 33.02 33.78 33.78 33.02 33.78 33.78 33.78
 34.42 33.78 33.78 33.78 34.42 34.42 33.78 33.78 34.42 34.42 35.07 33.78
 34.42 34.42 35.07 35.72]","[[31.01 31.01 31.01 31.01 31.69 31.01 31.01 31.69]
 [31.69 33.02 31.01 31.69 32.37 33.02 33.78 31.69]
 [33.02 33.02 33.78 33.78 33.02 33.78 33.78 33.78]
 [34.42 33.78 33.78 33.78 34.42 34.42 33.78 33.78]
 [34.42 34.42 35.07 33.78 34.42 34.42 35.07 35.72]]"
9,0.09999999999999998,0.2,0.0,0.25,0.0,0.6504060798942628,WWRSouth0.15_SillHT0.45_WindowHT0.8_BalconyDepth0.45_Split0,5.48,False,16.6,0.5;0.51;0.53;0.55;0.56;0.58;0.59;1.12;0.5;0.54;0.7;0.84;0.96;1.05;1.13;1.12;0.5;0.52;0.69;0.84;0.96;1.06;1.15;1.12;0.51;0.52;0.66;0.83;0.97;1.09;1.15;1.11;0.51;0.52;0.56;0.8;0.99;1.17;1.15;1.11;0.51;0.53;0.54;0.69;1.1;1.18;1.15;1.11;0.51;0.53;0.54;0.56;1.21;1.18;1.14;1.11;0.21;0.22;0.22;0.23;0.23;0.24;0.24;0.31;0.21;0.22;0.24;0.26;0.28;0.29;0.3;0.3;0.2;0.21;0.24;0.26;0.27;0.29;0.3;0.29;0.2;0.2;0.22;0.25;0.27;0.29;0.29;0.29;0.19;0.2;0.21;0.24;0.27;0.29;0.28;0.28;0.19;0.19;0.2;0.22;0.27;0.28;0.28;0.27;0.18;0.19;0.19;0.2;0.28;0.28;0.27;0.26;0.1;0.1;0.11;0.11;0.11;0.11;0.11;0.1;0.1;0.1;0.1;0.1;0.1;0.1;0.1;0.1;0.5;0.81;0.68;0.49;0.56;0.9;1.14;1.12;1.07;0.98;0.1;0.1;0.1;0.1;0.1;0.1;0.1;0.09;0.09;0.1;,"[31.01 31.01 31.01 28.25 24.11 30.46 29.74 30.42 25.51 15.14 29.03 29.71
 29.71 26.13 15.9  29.71 30.36 30.36 27.67 21.35 30.36 31.84 31.84 29.1
 24.18 31.11 31.82 32.5  26.88 15.9  31.11 31.79 31.76 27.53 16.56 31.66
 32.31 32.31 30.84 26.14]","[[31.01 31.01 31.01 28.25 24.11 30.46 29.74 30.42]
 [25.51 15.14 29.03 29.71 29.71 26.13 15.9  29.71]
 [30.36 30.36 27.67 21.35 30.36 31.84 31.84 29.1 ]
 [24.18 31.11 31.82 32.5  26.88 15.9  31.11 31.79]
 [31.76 27.53 16.56 31.66 32.31 32.31 30.84 26.14]]"
11,0.8,0.4,1.0,0.25,0.0,0.6504060798942628,WWRSouth0.5_SillHT0.75_WindowHT1.2_BalconyDepth0.45_Split0,9.0,False,44.4,2.32;2.38;2.44;2.5;2.56;2.63;2.69;3.7;2.28;2.4;2.78;3.09;3.34;3.54;3.69;3.63;2.24;2.3;2.71;3.03;3.29;3.5;3.65;3.56;2.21;2.27;2.59;2.96;3.25;3.49;3.58;3.49;2.17;2.23;2.33;2.86;3.24;3.58;3.51;3.42;2.13;2.19;2.26;2.58;3.39;3.53;3.44;3.35;2.09;2.16;2.22;2.28;3.56;3.46;3.37;3.28;0.22;0.23;0.23;0.24;0.25;0.25;0.26;0.52;0.22;0.24;0.3;0.36;0.41;0.46;0.51;0.51;0.21;0.22;0.29;0.35;0.41;0.46;0.5;0.49;0.21;0.22;0.27;0.34;0.4;0.46;0.49;0.48;0.21;0.21;0.23;0.32;0.4;0.48;0.48;0.47;0.2;0.21;0.21;0.27;0.43;0.47;0.46;0.45;0.2;0.2;0.21;0.21;0.47;0.46;0.45;0.44;0.12;0.12;0.13;0.13;0.13;0.13;0.13;0.14;0.12;0.12;0.13;0.13;0.13;0.13;0.13;0.13;2.39;3.13;2.82;2.34;2.52;3.34;3.84;3.77;3.69;3.5;0.11;0.12;0.12;0.13;0.13;0.13;0.13;0.13;0.13;0.13;,"[31.01 31.01 31.01 28.25 24.11 30.46 29.74 30.42 25.51 15.14 29.03 29.71
 29.71 26.13 15.9  29.71 30.36 30.36 27.67 21.35 30.36 31.84 31.84 29.1
 24.18 31.11 31.82 32.5  26.88 15.9  31.11 31.79 31.76 27.53 16.56 31.66
 32.31 32.31 30.84 26.14]","[[31.01 31.01 31.01 28.25 24.11 30.46 29.74 30.42]
 [25.51 15.14 29.03 29.71 29.71 26.13 15.9  29.71]
 [30.36 30.36 27.67 21.35 30.36 31.84 31.84 29.1 ]
 [24.18 31.11 31.82 32.5  26.88 15.9  31.11 31.79]
 [31.76 27.53 16.56 31.66 32.31 32.31 30.84 26.14]]"
12,0.9000000000000001,0.9999999999999999,1.0,0.08333333333333333,1.0,1.0,WWRSouth0.55_SillHT1.65_WindowHT1.2_BalconyDepth0.15_Split1,9.0,False,44.4,5.1;5.16;5.23;5.29;5.35;5.41;5.47;6.08;4.96;5.07;5.35;5.57;5.75;5.87;5.96;5.91;4.83;4.89;5.18;5.42;5.6;5.73;5.81;5.75;4.69;4.75;4.99;5.25;5.45;5.6;5.65;5.58;4.55;4.61;4.7;5.07;5.33;5.53;5.48;5.41;4.41;4.48;4.54;4.77;5.3;5.38;5.31;5.25;4.28;4.34;4.4;4.46;5.28;5.21;5.15;5.08;0.41;0.42;0.43;0.44;0.44;0.45;0.46;0.75;0.4;0.42;0.49;0.56;0.62;0.67;0.73;0.73;0.39;0.4;0.48;0.54;0.6;0.66;0.71;0.71;0.38;0.39;0.45;0.53;0.59;0.65;0.69;0.69;0.37;0.38;0.4;0.5;0.59;0.67;0.67;0.67;0.36;0.37;0.38;0.44;0.61;0.66;0.65;0.64;0.36;0.36;0.37;0.38;0.64;0.63;0.63;0.62;0.11;0.12;0.12;0.12;0.12;0.12;0.12;0.19;0.11;0.12;0.13;0.15;0.17;0.18;0.19;0.19;5.29;5.83;5.6;5.21;5.36;5.99;6.3;6.25;6.21;6.09;0.11;0.13;0.11;0.14;0.17;0.19;0.18;0.19;0.19;0.15;,"[31.01 31.01 31.01 31.01 31.69 31.01 31.01 31.69 31.69 33.02 31.01 31.69
 32.37 33.02 33.78 31.69 33.02 33.02 33.78 33.78 33.02 33.78 33.78 33.78
 34.42 33.78 33.78 33.78 34.42 34.42 33.78 33.78 34.42 34.42 35.07 33.78
 34.42 34.42 35.07 35.72]","[[31.01 31.01 31.01 31.01 31.69 31.01 31.01 31.69]
 [31.69 33.02 31.01 31.69 32.37 33.02 33.78 31.69]
 [33.02 33.02 33.78 33.78 33.02 33.78 33.78 33.78]
 [34.42 33.78 33.78 33.78 34.42 34.42 33.78 33.78]
 [34.42 34.42 35.07 33.78 34.42 34.42 35.07 35.72]]"
13,0.8,0.3,0.5,0.0,0.0,1.0,WWRSouth0.5_SillHT0.6_WindowHT1.0_BalconyDepth0_Split0,9.0,False,44.4,2.69;2.74;2.79;2.85;2.9;2.95;3.0;4.15;2.63;2.75;3.15;3.49;3.77;3.98;4.15;4.08;2.56;2.62;3.06;3.42;3.71;3.94;4.12;4.01;2.5;2.55;2.91;3.33;3.66;3.94;4.05;3.94;2.44;2.49;2.59;3.2;3.65;4.05;3.98;3.87;2.38;2.43;2.48;2.85;3.84;4.02;3.91;3.8;2.31;2.37;2.42;2.47;4.06;3.95;3.84;3.73;0.37;0.38;0.39;0.39;0.4;0.41;0.41;0.68;0.36;0.38;0.45;0.5;0.56;0.61;0.66;0.66;0.35;0.36;0.43;0.49;0.55;0.6;0.65;0.64;0.34;0.35;0.4;0.47;0.53;0.59;0.63;0.62;0.34;0.34;0.36;0.45;0.53;0.61;0.61;0.6;0.33;0.33;0.34;0.4;0.55;0.59;0.59;0.58;0.32;0.33;0.33;0.34;0.58;0.57;0.57;0.57;0.16;0.16;0.17;0.17;0.17;0.18;0.18;0.28;0.16;0.17;0.19;0.21;0.24;0.26;0.27;0.28;2.79;3.56;3.23;2.73;2.91;3.78;4.3;4.22;4.15;3.95;0.15;0.18;0.16;0.2;0.23;0.27;0.25;0.27;0.27;0.22;,"[31.01 31.01 31.01 31.01 31.69 31.01 31.01 31.69 31.69 33.02 31.01 31.69
 32.37 33.02 33.78 31.69 33.02 33.02 33.78 33.78 33.02 33.78 33.78 33.78
 34.42 33.78 33.78 33.78 34.42 34.42 33.78 33.78 34.42 34.42 35.07 33.78
 34.42 34.42 35.07 35.72]","[[31.01 31.01 31.01 31.01 31.69 31.01 31.01 31.69]
 [31.69 33.02 31.01 31.69 32.37 33.02 33.78 31.69]
 [33.02 33.02 33.78 33.78 33.02 33.78 33.78 33.78]
 [34.42 33.78 33.78 33.78 34.42 34.42 33.78 33.78]
 [34.42 34.42 35.07 33.78 34.42 34.42 35.07 35.72]]"
14,1.0,0.3,0.5,0.4166666666666667,0.0,0.4169840524512616,WWRSouth0.6_SillHT0.6_WindowHT1.0_BalconyDepth0.75_Split0,9.0,False,44.4,2.37;2.43;2.48;2.54;2.59;2.65;2.71;3.49;2.32;2.43;2.74;3.0;3.2;3.36;3.47;3.42;2.28;2.33;2.67;2.93;3.15;3.31;3.42;3.35;2.23;2.29;2.55;2.86;3.1;3.28;3.35;3.27;2.18;2.24;2.33;2.76;3.07;3.33;3.28;3.2;2.14;2.19;2.25;2.52;3.17;3.28;3.21;3.13;2.09;2.15;2.2;2.26;3.29;3.21;3.13;3.05;0.25;0.26;0.26;0.27;0.27;0.28;0.29;0.53;0.25;0.26;0.32;0.38;0.43;0.47;0.52;0.52;0.24;0.25;0.31;0.37;0.42;0.47;0.51;0.5;0.24;0.24;0.29;0.36;0.41;0.47;0.5;0.49;0.23;0.24;0.25;0.34;0.41;0.48;0.48;0.48;0.23;0.23;0.24;0.29;0.44;0.48;0.47;0.46;0.22;0.23;0.23;0.24;0.47;0.46;0.45;0.45;0.07;0.07;0.07;0.07;0.07;0.07;0.08;0.13;0.07;0.07;0.08;0.09;0.11;0.11;0.12;0.12;2.45;3.06;2.81;2.4;2.55;3.24;3.62;3.56;3.51;3.36;0.07;0.08;0.07;0.09;0.1;0.12;0.11;0.12;0.12;0.1;,"[31.01 28.89 28.25 24.79 18.54 30.46 26.93 27.58 20.71  6.12 29.03 26.22
 25.51 21.22  7.44 29.71 26.89 26.2  24.16 15.07 30.36 29.01 27.68 25.6
 17.9  31.11 29.66 28.95 22.74  6.81 31.11 29.64 28.21 23.39  8.8  31.66
 30.87 30.19 28.15 23.34]","[[31.01 28.89 28.25 24.79 18.54 30.46 26.93 27.58]
 [20.71  6.12 29.03 26.22 25.51 21.22  7.44 29.71]
 [26.89 26.2  24.16 15.07 30.36 29.01 27.68 25.6 ]
 [17.9  31.11 29.66 28.95 22.74  6.81 31.11 29.64]
 [28.21 23.39  8.8  31.66 30.87 30.19 28.15 23.34]]"
15,0.39999999999999997,0.4,0.5,0.5833333333333334,1.0,0.2544477487348047,WWRSouth0.3_SillHT0.75_WindowHT1.0_BalconyDepth1.05_Split1,9.0,False,44.4,1.78;1.8;1.82;1.83;1.85;1.87;1.88;2.23;1.73;1.76;1.86;1.94;2.02;2.09;2.16;2.16;1.68;1.7;1.8;1.89;1.97;2.04;2.1;2.1;1.63;1.65;1.73;1.83;1.91;1.99;2.04;2.03;1.58;1.6;1.63;1.76;1.86;1.97;1.97;1.97;1.53;1.55;1.57;1.65;1.86;1.91;1.91;1.9;1.48;1.5;1.52;1.53;1.85;1.85;1.84;1.84;0.16;0.16;0.17;0.17;0.18;0.18;0.18;0.23;0.16;0.16;0.18;0.2;0.21;0.22;0.23;0.23;0.15;0.16;0.18;0.2;0.21;0.22;0.23;0.22;0.15;0.16;0.17;0.19;0.21;0.22;0.22;0.22;0.15;0.15;0.16;0.18;0.2;0.22;0.22;0.21;0.15;0.15;0.15;0.17;0.21;0.21;0.21;0.21;0.14;0.15;0.15;0.15;0.21;0.21;0.2;0.2;0.06;0.06;0.06;0.07;0.07;0.07;0.07;0.09;0.06;0.06;0.07;0.08;0.08;0.08;0.09;0.08;1.85;2.04;1.95;1.82;1.87;2.11;2.29;2.29;2.23;2.16;0.06;0.07;0.06;0.07;0.08;0.08;0.08;0.08;0.08;0.08;,"[28.25 27.43 24.79 22.02 17.21 27.66 25.47 24.02 16.58  4.79 25.54 25.51
 21.3  16.44  6.12 26.2  26.2  22.02 20.75 14.4  26.85 27.62 24.25 22.18
 16.57 28.27 28.27 26.15 19.36  5.48 28.27 28.93 25.4  20.01  8.13 29.54
 30.19 28.8  26.14 23.34]","[[28.25 27.43 24.79 22.02 17.21 27.66 25.47 24.02]
 [16.58  4.79 25.54 25.51 21.3  16.44  6.12 26.2 ]
 [26.2  22.02 20.75 14.4  26.85 27.62 24.25 22.18]
 [16.57 28.27 28.27 26.15 19.36  5.48 28.27 28.93]
 [25.4  20.01  8.13 29.54 30.19 28.8  26.14 23.34]]"
17,0.2,0.7,1.0,0.4166666666666667,0.0,0.4169840524512616,WWRSouth0.2_SillHT1.2_WindowHT1.2_BalconyDepth0.75_Split0,5.48,False,16.6,0.32;0.33;0.34;0.35;0.36;0.37;0.38;1.15;0.32;0.37;0.56;0.74;0.89;1.04;1.16;1.15;0.32;0.33;0.54;0.73;0.9;1.05;1.19;1.15;0.32;0.33;0.5;0.72;0.91;1.09;1.19;1.15;0.32;0.33;0.36;0.68;0.94;1.2;1.19;1.15;0.31;0.32;0.33;0.52;1.09;1.22;1.19;1.15;0.31;0.32;0.33;0.34;1.26;1.22;1.19;1.15;0.07;0.07;0.07;0.07;0.07;0.08;0.08;0.17;0.07;0.07;0.09;0.12;0.13;0.15;0.17;0.17;0.07;0.07;0.09;0.11;0.13;0.15;0.17;0.17;0.06;0.07;0.08;0.11;0.13;0.15;0.16;0.16;0.06;0.06;0.07;0.1;0.13;0.16;0.16;0.16;0.06;0.06;0.06;0.08;0.14;0.16;0.15;0.15;0.06;0.06;0.06;0.06;0.15;0.15;0.15;0.15;0.03;0.03;0.03;0.03;0.03;0.04;0.04;0.05;0.03;0.03;0.04;0.04;0.04;0.05;0.05;0.05;0.33;0.71;0.54;0.32;0.39;0.82;1.17;1.15;1.05;0.93;0.03;0.04;0.03;0.04;0.04;0.05;0.05;0.05;0.05;0.04;,"[31.01 28.89 28.25 24.79 18.54 30.46 26.93 27.58 20.71  6.12 29.03 26.22
 25.51 21.22  7.44 29.71 26.89 26.2  24.16 15.07 30.36 29.01 27.68 25.6
 17.9  31.11 29.66 28.95 22.74  6.81 31.11 29.64 28.21 23.39  8.8  31.66
 30.87 30.19 28.15 23.34]","[[31.01 28.89 28.25 24.79 18.54 30.46 26.93 27.58]
 [20.71  6.12 29.03 26.22 25.51 21.22  7.44 29.71]
 [26.89 26.2  24.16 15.07 30.36 29.01 27.68 25.6 ]
 [17.9  31.11 29.66 28.95 22.74  6.81 31.11 29.64]
 [28.21 23.39  8.8  31.66 30.87 30.19 28.15 23.34]]"
20,0.8,0.2,0.0,0.08333333333333333,0.0,1.0,WWRSouth0.5_SillHT0.45_WindowHT0.8_BalconyDepth0.15_Split0,9.0,False,44.4,2.59;2.66;2.74;2.81;2.88;2.96;3.03;3.88;2.55;2.68;3.03;3.32;3.55;3.72;3.84;3.79;2.52;2.59;2.96;3.25;3.48;3.66;3.78;3.7;2.49;2.56;2.85;3.18;3.43;3.62;3.69;3.62;2.45;2.53;2.63;3.08;3.4;3.66;3.6;3.53;2.42;2.49;2.57;2.85;3.49;3.59;3.51;3.44;2.38;2.46;2.53;2.61;3.58;3.5;3.43;3.35;0.26;0.27;0.27;0.28;0.28;0.29;0.29;0.52;0.26;0.27;0.32;0.37;0.42;0.46;0.5;0.5;0.25;0.25;0.31;0.36;0.41;0.45;0.49;0.49;0.24;0.25;0.29;0.35;0.4;0.45;0.48;0.47;0.24;0.24;0.25;0.33;0.4;0.46;0.47;0.46;0.23;0.24;0.24;0.29;0.42;0.46;0.45;0.45;0.23;0.23;0.24;0.24;0.45;0.44;0.44;0.43;0.11;0.11;0.11;0.11;0.11;0.11;0.12;0.17;0.1;0.11;0.12;0.13;0.15;0.16;0.17;0.17;2.66;3.37;3.08;2.6;2.79;3.57;4.03;3.97;3.9;3.72;0.1;0.11;0.1;0.13;0.14;0.16;0.15;0.16;0.16;0.14;,"[31.01 31.01 31.01 31.01 31.69 31.01 31.01 31.69 31.69 33.02 31.01 31.69
 32.37 33.02 33.78 31.69 33.02 33.02 33.78 33.78 33.02 33.78 33.78 33.78
 34.42 33.78 33.78 33.78 34.42 34.42 33.78 33.78 34.42 34.42 35.07 33.78
 34.42 34.42 35.07 35.72]","[[31.01 31.01 31.01 31.01 31.69 31.01 31.01 31.69]
 [31.69 33.02 31.01 31.69 32.37 33.02 33.78 31.69]
 [33.02 33.02 33.78 33.78 33.02 33.78 33.78 33.78]
 [34.42 33.78 33.78 33.78 34.42 34.42 33.78 33.78]
 [34.42 34.42 35.07 33.78 34.42 34.42 35.07 35.72]]"
21,0.6000000000000001,0.5,0.0,0.4166666666666667,0.0,0.4169840524512616,WWRSouth0.4_SillHT0.9_WindowHT0.8_BalconyDepth0.75_Split0,9.0,False,44.4,1.42;1.46;1.5;1.54;1.58;1.62;1.67;2.65;1.4;1.5;1.82;2.09;2.32;2.51;2.65;2.62;1.38;1.43;1.77;2.06;2.29;2.49;2.65;2.58;1.37;1.41;1.68;2.02;2.28;2.51;2.61;2.54;1.35;1.39;1.47;1.94;2.3;2.62;2.57;2.5;1.33;1.38;1.42;1.7;2.46;2.61;2.53;2.46;1.32;1.36;1.4;1.44;2.64;2.57;2.5;2.42;0.24;0.25;0.26;0.26;0.27;0.27;0.28;0.42;0.24;0.25;0.29;0.33;0.36;0.38;0.41;0.4;0.23;0.24;0.28;0.32;0.35;0.38;0.4;0.39;0.23;0.24;0.27;0.31;0.34;0.37;0.39;0.38;0.22;0.23;0.24;0.3;0.34;0.38;0.38;0.37;0.22;0.23;0.23;0.26;0.35;0.37;0.37;0.36;0.21;0.22;0.23;0.23;0.37;0.36;0.36;0.35;0.08;0.08;0.08;0.09;0.09;0.09;0.09;0.1;0.08;0.08;0.09;0.09;0.09;0.1;0.1;0.1;1.45;2.09;1.82;1.42;1.57;2.27;2.74;2.69;2.6;2.42;0.08;0.08;0.08;0.09;0.09;0.1;0.09;0.1;0.1;0.09;,"[31.01 28.89 28.25 24.79 18.54 30.46 26.93 27.58 20.71  6.12 29.03 26.22
 25.51 21.22  7.44 29.71 26.89 26.2  24.16 15.07 30.36 29.01 27.68 25.6
 17.9  31.11 29.66 28.95 22.74  6.81 31.11 29.64 28.21 23.39  8.8  31.66
 30.87 30.19 28.15 23.34]","[[31.01 28.89 28.25 24.79 18.54 30.46 26.93 27.58]
 [20.71  6.12 29.03 26.22 25.51 21.22  7.44 29.71]
 [26.89 26.2  24.16 15.07 30.36 29.01 27.68 25.6 ]
 [17.9  31.11 29.66 28.95 22.74  6.81 31.11 29.64]
 [28.21 23.39  8.8  31.66 30.87 30.19 28.15 23.34]]"
22,0.2,0.5,0.5,0.5833333333333334,1.0,0.2544477487348047,WWRSouth0.2_SillHT0.9_WindowHT1.0_BalconyDepth1.05_Split1,9.0,False,44.4,1.69;1.72;1.76;1.79;1.82;1.85;1.89;2.32;1.65;1.71;1.86;1.99;2.1;2.19;2.26;2.25;1.61;1.64;1.81;1.94;2.05;2.14;2.21;2.19;1.57;1.61;1.73;1.88;2.0;2.1;2.15;2.12;1.53;1.57;1.61;1.81;1.96;2.09;2.08;2.06;1.49;1.53;1.56;1.68;1.98;2.04;2.02;1.99;1.45;1.49;1.52;1.55;1.99;1.97;1.95;1.93;0.23;0.23;0.24;0.24;0.25;0.25;0.26;0.25;0.22;0.23;0.24;0.25;0.25;0.25;0.25;0.24;0.22;0.22;0.24;0.24;0.25;0.25;0.24;0.24;0.21;0.22;0.23;0.24;0.24;0.24;0.24;0.23;0.21;0.21;0.22;0.23;0.24;0.24;0.23;0.23;0.2;0.21;0.21;0.22;0.23;0.23;0.23;0.22;0.2;0.21;0.21;0.22;0.23;0.23;0.22;0.22;0.08;0.08;0.08;0.08;0.08;0.08;0.09;0.08;0.08;0.08;0.08;0.08;0.08;0.08;0.08;0.08;1.75;2.06;1.93;1.72;1.8;2.16;2.39;2.38;2.32;2.23;0.07;0.08;0.08;0.08;0.08;0.08;0.08;0.08;0.08;0.08;,"[28.25 27.43 24.79 22.02 17.21 27.66 25.47 24.02 16.58  4.79 25.54 25.51
 21.3  16.44  6.12 26.2  26.2  22.02 20.75 14.4  26.85 27.62 24.25 22.18
 16.57 28.27 28.27 26.15 19.36  5.48 28.27 28.93 25.4  20.01  8.13 29.54
 30.19 28.8  26.14 23.34]","[[28.25 27.43 24.79 22.02 17.21 27.66 25.47 24.02]
 [16.58  4.79 25.54 25.51 21.3  16.44  6.12 26.2 ]
 [26.2  22.02 20.75 14.4  26.85 27.62 24.25 22.18]
 [16.57 28.27 28.27 26.15 19.36  5.48 28.27 28.93]
 [25.4  20.01  8.13 29.54 30.19 28.8  26.14 23.34]]"
23,0.6000000000000001,0.09999999999999999,0.0,1.0,0.0,0.0,WWRSouth0.4_SillHT0.3_WindowHT0.8_BalconyDepth1.8_Split0,8.5,False,42.4,1.11;1.14;1.16;1.19;1.21;1.23;1.26;2.01;1.09;1.16;1.4;1.6;1.77;1.91;2.02;1.99;1.07;1.09;1.35;1.57;1.75;1.91;2.03;1.97;1.04;1.07;1.28;1.54;1.75;1.93;2.01;1.95;1.02;1.04;1.1;1.47;1.76;2.03;1.99;1.93;0.99;1.02;1.04;1.27;1.91;2.04;1.97;1.91;0.97;0.99;1.02;1.04;2.08;2.02;1.96;1.89;0.25;0.25;0.25;0.26;0.26;0.26;0.26;0.42;0.24;0.25;0.29;0.33;0.36;0.39;0.41;0.41;0.23;0.24;0.28;0.32;0.35;0.38;0.41;0.4;0.23;0.23;0.26;0.31;0.34;0.38;0.4;0.39;0.22;0.22;0.23;0.29;0.34;0.39;0.39;0.38;0.21;0.22;0.22;0.25;0.36;0.38;0.38;0.37;0.21;0.21;0.21;0.21;0.38;0.37;0.37;0.36;0.09;0.09;0.09;0.09;0.09;0.09;0.1;0.13;0.08;0.09;0.1;0.11;0.11;0.12;0.12;0.13;1.15;1.61;1.41;1.13;1.23;1.74;2.07;2.03;1.97;1.84;0.08;0.09;0.08;0.1;0.11;0.12;0.12;0.12;0.12;0.11;,"[25.45 24.73 22.13 17.8  15.19 25.59 20.67 19.24  8.25  2.77 22.08 20.72
 16.52  9.61  4.1  22.71 20.73 17.31 13.71 13.05 23.36 23.5  20.3  16.47
 15.24 25.46 24.12 22.12 12.36  4.16 26.85 24.78 21.38 13.76  6.81 28.15
 26.79 25.49 23.34 23.34]","[[25.45 24.73 22.13 17.8  15.19 25.59 20.67 19.24]
 [ 8.25  2.77 22.08 20.72 16.52  9.61  4.1  22.71]
 [20.73 17.31 13.71 13.05 23.36 23.5  20.3  16.47]
 [15.24 25.46 24.12 22.12 12.36  4.16 26.85 24.78]
 [21.38 13.76  6.81 28.15 26.79 25.49 23.34 23.34]]"
24,0.6000000000000001,0.7,1.0,0.5833333333333334,0.0,0.2544477487348047,WWRSouth0.4_SillHT1.2_WindowHT1.2_BalconyDepth1.05_Split0,9.0,False,44.4,1.99;2.04;2.1;2.16;2.22;2.28;2.33;4.21;1.96;2.11;2.66;3.13;3.54;3.89;4.19;4.14;1.94;2.0;2.58;3.08;3.5;3.87;4.18;4.07;1.91;1.97;2.43;3.01;3.48;3.9;4.11;4.0;1.89;1.95;2.07;2.88;3.51;4.1;4.04;3.93;1.87;1.92;1.98;2.47;3.8;4.08;3.97;3.86;1.84;1.9;1.96;2.02;4.13;4.01;3.9;3.79;0.46;0.47;0.47;0.47;0.48;0.48;0.49;0.62;0.45;0.46;0.5;0.53;0.56;0.58;0.61;0.6;0.44;0.44;0.48;0.52;0.54;0.57;0.59;0.59;0.42;0.43;0.46;0.5;0.53;0.56;0.58;0.57;0.41;0.41;0.42;0.48;0.52;0.56;0.56;0.55;0.4;0.4;0.41;0.44;0.53;0.55;0.54;0.54;0.38;0.39;0.39;0.4;0.54;0.53;0.53;0.52;0.13;0.13;0.13;0.13;0.13;0.13;0.14;0.16;0.12;0.13;0.13;0.14;0.14;0.15;0.15;0.15;2.04;3.13;2.65;2.0;2.22;3.45;4.34;4.27;4.06;3.72;0.12;0.13;0.12;0.13;0.14;0.15;0.15;0.15;0.15;0.14;,"[28.25 27.43 24.79 22.02 17.21 27.66 25.47 24.02 16.58  4.79 25.54 25.51
 21.3  16.44  6.12 26.2  26.2  22.02 20.75 14.4  26.85 27.62 24.25 22.18
 16.57 28.27 28.27 26.15 19.36  5.48 28.27 28.93 25.4  20.01  8.13 29.54
 30.19 28.8  26.14 23.34]","[[28.25 27.43 24.79 22.02 17.21 27.66 25.47 24.02]
 [16.58  4.79 25.54 25.51 21.3  16.44  6.12 26.2 ]
 [26.2  22.02 20.75 14.4  26.85 27.62 24.25 22.18]
 [16.57 28.27 28.27 26.15 19.36  5.48 28.27 28.93]
 [25.4  20.01  8.13 29.54 30.19 28.8  26.14 23.34]]"
26,0.7,0.9,0.5,0.5833333333333334,1.0,0.2544477487348047,WWRSouth0.45_SillHT1.5_WindowHT1.0_BalconyDepth1.05_Split1,9.0,False,44.4,3.64;3.68;3.71;3.75;3.79;3.82;3.86;4.59;3.54;3.62;3.89;4.11;4.29;4.43;4.53;4.48;3.44;3.47;3.77;4.0;4.19;4.33;4.44;4.36;3.34;3.37;3.61;3.88;4.09;4.26;4.33;4.25;3.24;3.27;3.34;3.73;4.02;4.27;4.21;4.13;3.14;3.17;3.21;3.45;4.07;4.18;4.1;4.02;3.03;3.07;3.11;3.14;4.14;4.06;3.99;3.91;0.54;0.55;0.56;0.57;0.57;0.58;0.59;0.65;0.53;0.54;0.57;0.6;0.62;0.63;0.64;0.63;0.51;0.52;0.56;0.58;0.6;0.62;0.62;0.62;0.5;0.51;0.54;0.57;0.59;0.6;0.61;0.6;0.49;0.49;0.51;0.55;0.57;0.6;0.59;0.58;0.47;0.48;0.49;0.51;0.57;0.58;0.57;0.56;0.46;0.47;0.47;0.48;0.57;0.56;0.55;0.55;0.1;0.1;0.1;0.11;0.11;0.11;0.11;0.15;0.1;0.1;0.11;0.12;0.13;0.14;0.15;0.15;3.77;4.28;4.06;3.72;3.84;4.44;4.76;4.7;4.67;4.54;0.1;0.11;0.1;0.12;0.13;0.15;0.14;0.15;0.14;0.12;,"[28.25 27.43 24.79 22.02 17.21 27.66 25.47 24.02 16.58  4.79 25.54 25.51
 21.3  16.44  6.12 26.2  26.2  22.02 20.75 14.4  26.85 27.62 24.25 22.18
 16.57 28.27 28.27 26.15 19.36  5.48 28.27 28.93 25.4  20.01  8.13 29.54
 30.19 28.8  26.14 23.34]","[[28.25 27.43 24.79 22.02 17.21 27.66 25.47 24.02]
 [16.58  4.79 25.54 25.51 21.3  16.44  6.12 26.2 ]
 [26.2  22.02 20.75 14.4  26.85 27.62 24.25 22.18]
 [16.57 28.27 28.27 26.15 19.36  5.48 28.27 28.93]
 [25.4  20.01  8.13 29.54 30.19 28.8  26.14 23.34]]"
27,0.8,0.9999999999999999,0.5,1.0,0.0,0.0,WWRSouth0.5_SillHT1.65_WindowHT1.0_BalconyDepth1.8_Split0,9.0,False,44.4,1.31;1.35;1.38;1.41;1.45;1.48;1.51;2.58;1.29;1.38;1.7;1.98;2.22;2.42;2.58;2.55;1.27;1.3;1.65;1.95;2.2;2.41;2.59;2.51;1.24;1.28;1.56;1.9;2.18;2.43;2.55;2.48;1.22;1.25;1.33;1.82;2.2;2.56;2.52;2.44;1.2;1.23;1.26;1.56;2.39;2.56;2.48;2.41;1.17;1.21;1.24;1.28;2.6;2.52;2.45;2.37;0.24;0.24;0.25;0.25;0.26;0.26;0.26;0.49;0.23;0.25;0.3;0.35;0.4;0.44;0.48;0.48;0.23;0.23;0.29;0.34;0.39;0.43;0.47;0.46;0.22;0.23;0.27;0.33;0.38;0.43;0.46;0.45;0.22;0.22;0.23;0.31;0.38;0.45;0.44;0.44;0.21;0.21;0.22;0.27;0.4;0.44;0.43;0.43;0.2;0.21;0.21;0.22;0.43;0.43;0.42;0.41;0.08;0.08;0.09;0.09;0.09;0.09;0.09;0.13;0.08;0.08;0.09;0.1;0.11;0.12;0.12;0.12;1.35;1.98;1.71;1.33;1.46;2.17;2.66;2.61;2.51;2.32;0.08;0.09;0.08;0.1;0.11;0.12;0.12;0.12;0.12;0.1;,"[25.45 24.73 22.13 17.8  15.19 25.59 20.67 19.24  8.25  2.77 22.08 20.72
 16.52  9.61  4.1  22.71 20.73 17.31 13.71 13.05 23.36 23.5  20.3  16.47
 15.24 25.46 24.12 22.12 12.36  4.16 26.85 24.78 21.38 13.76  6.81 28.15
 26.79 25.49 23.34 23.34]","[[25.45 24.73 22.13 17.8  15.19 25.59 20.67 19.24]
 [ 8.25  2.77 22.08 20.72 16.52  9.61  4.1  22.71]
 [20.73 17.31 13.71 13.05 23.36 23.5  20.3  16.47]
 [15.24 25.46 24.12 22.12 12.36  4.16 26.85 24.78]
 [21.38 13.76  6.81 28.15 26.79 25.49 23.34 23.34]]"
30,0.39999999999999997,0.3,1.0,0.25,1.0,0.6504060798942628,WWRSouth0.3_SillHT0.6_WindowHT1.2_BalconyDepth0.45_Split1,9.0,False,44.4,1.63;1.66;1.68;1.71;1.73;1.76;1.78;2.24;1.59;1.64;1.78;1.9;2.01;2.1;2.18;2.17;1.55;1.57;1.72;1.85;1.95;2.05;2.13;2.11;1.51;1.53;1.65;1.79;1.91;2.01;2.06;2.05;1.46;1.49;1.53;1.72;1.87;2.01;2.0;1.98;1.42;1.45;1.47;1.59;1.89;1.95;1.94;1.92;1.38;1.41;1.43;1.46;1.91;1.89;1.87;1.86;0.15;0.15;0.15;0.16;0.16;0.16;0.17;0.19;0.14;0.15;0.16;0.17;0.18;0.18;0.19;0.18;0.14;0.14;0.16;0.17;0.18;0.18;0.18;0.18;0.14;0.14;0.15;0.17;0.17;0.18;0.18;0.17;0.14;0.14;0.14;0.16;0.17;0.18;0.18;0.17;0.13;0.14;0.14;0.15;0.18;0.18;0.17;0.17;0.13;0.13;0.14;0.14;0.18;0.17;0.17;0.16;0.06;0.06;0.06;0.07;0.07;0.07;0.07;0.07;0.06;0.06;0.07;0.07;0.07;0.07;0.07;0.07;1.69;1.98;1.85;1.66;1.73;2.07;2.31;2.3;2.23;2.14;0.06;0.06;0.06;0.07;0.07;0.07;0.07;0.07;0.07;0.07;,"[31.01 31.01 31.01 28.25 24.11 30.46 29.74 30.42 25.51 15.14 29.03 29.71
 29.71 26.13 15.9  29.71 30.36 30.36 27.67 21.35 30.36 31.84 31.84 29.1
 24.18 31.11 31.82 32.5  26.88 15.9  31.11 31.79 31.76 27.53 16.56 31.66
 32.31 32.31 30.84 26.14]","[[31.01 31.01 31.01 28.25 24.11 30.46 29.74 30.42]
 [25.51 15.14 29.03 29.71 29.71 26.13 15.9  29.71]
 [30.36 30.36 27.67 21.35 30.36 31.84 31.84 29.1 ]
 [24.18 31.11 31.82 32.5  26.88 15.9  31.11 31.79]
 [31.76 27.53 16.56 31.66 32.31 32.31 30.84 26.14]]"
32,0.3,0.3,0.5,0.4166666666666667,1.0,0.4169840524512616,WWRSouth0.25_SillHT0.6_WindowHT1.0_BalconyDepth0.75_Split1,7.04,False,35.4,1.06;1.07;1.08;1.09;1.1;1.11;1.11;1.49;1.03;1.05;1.15;1.23;1.31;1.38;1.44;1.44;1.0;1.01;1.11;1.2;1.28;1.35;1.41;1.4;0.97;0.98;1.06;1.16;1.24;1.33;1.37;1.36;0.94;0.95;0.97;1.11;1.22;1.33;1.33;1.32;0.91;0.92;0.93;1.01;1.24;1.3;1.29;1.28;0.88;0.89;0.9;0.91;1.27;1.26;1.25;1.23;0.16;0.16;0.16;0.17;0.17;0.17;0.17;0.19;0.15;0.16;0.17;0.18;0.18;0.18;0.18;0.18;0.15;0.15;0.16;0.17;0.18;0.18;0.18;0.18;0.15;0.15;0.16;0.17;0.17;0.18;0.18;0.17;0.14;0.15;0.15;0.16;0.17;0.17;0.17;0.17;0.14;0.14;0.14;0.15;0.17;0.17;0.17;0.16;0.13;0.14;0.14;0.14;0.17;0.16;0.16;0.16;0.08;0.08;0.08;0.08;0.08;0.09;0.09;0.09;0.08;0.08;0.08;0.09;0.09;0.09;0.09;0.09;1.1;1.29;1.2;1.08;1.12;1.35;1.53;1.53;1.47;1.4;0.07;0.08;0.08;0.08;0.09;0.09;0.09;0.09;0.09;0.08;,"[31.01 28.89 28.25 24.79 18.54 30.46 26.93 27.58 20.71  6.12 29.03 26.22
 25.51 21.22  7.44 29.71 26.89 26.2  24.16 15.07 30.36 29.01 27.68 25.6
 17.9  31.11 29.66 28.95 22.74  6.81 31.11 29.64 28.21 23.39  8.8  31.66
 30.87 30.19 28.15 23.34]","[[31.01 28.89 28.25 24.79 18.54 30.46 26.93 27.58]
 [20.71  6.12 29.03 26.22 25.51 21.22  7.44 29.71]
 [26.89 26.2  24.16 15.07 30.36 29.01 27.68 25.6 ]
 [17.9  31.11 29.66 28.95 22.74  6.81 31.11 29.64]
 [28.21 23.39  8.8  31.66 30.87 30.19 28.15 23.34]]"
33,0.7,0.7,1.0,1.0,1.0,0.0,WWRSouth0.45_SillHT1.2_WindowHT1.2_BalconyDepth1.8_Split1,9.0,False,44.4,2.53;2.56;2.59;2.63;2.66;2.69;2.73;3.16;2.46;2.51;2.66;2.78;2.89;2.98;3.06;3.07;2.39;2.43;2.57;2.7;2.81;2.9;2.98;2.98;2.33;2.36;2.48;2.62;2.73;2.84;2.89;2.88;2.26;2.29;2.34;2.52;2.67;2.8;2.8;2.79;2.19;2.22;2.26;2.37;2.65;2.72;2.71;2.7;2.12;2.16;2.19;2.22;2.64;2.63;2.62;2.61;0.21;0.22;0.22;0.23;0.23;0.24;0.25;0.41;0.21;0.22;0.26;0.3;0.34;0.37;0.4;0.4;0.21;0.21;0.26;0.29;0.33;0.36;0.39;0.39;0.2;0.21;0.24;0.29;0.32;0.36;0.38;0.38;0.2;0.2;0.21;0.27;0.32;0.37;0.37;0.36;0.19;0.2;0.2;0.24;0.34;0.36;0.36;0.35;0.19;0.19;0.2;0.21;0.35;0.35;0.35;0.34;0.06;0.06;0.07;0.07;0.07;0.07;0.07;0.11;0.06;0.06;0.07;0.08;0.09;0.1;0.1;0.1;2.62;2.91;2.78;2.58;2.66;3.01;3.25;3.25;3.17;3.07;0.06;0.07;0.06;0.08;0.09;0.1;0.09;0.1;0.1;0.08;,"[25.45 24.73 22.13 17.8  15.19 25.59 20.67 19.24  8.25  2.77 22.08 20.72
 16.52  9.61  4.1  22.71 20.73 17.31 13.71 13.05 23.36 23.5  20.3  16.47
 15.24 25.46 24.12 22.12 12.36  4.16 26.85 24.78 21.38 13.76  6.81 28.15
 26.79 25.49 23.34 23.34]","[[25.45 24.73 22.13 17.8  15.19 25.59 20.67 19.24]
 [ 8.25  2.77 22.08 20.72 16.52  9.61  4.1  22.71]
 [20.73 17.31 13.71 13.05 23.36 23.5  20.3  16.47]
 [15.24 25.46 24.12 22.12 12.36  4.16 26.85 24.78]
 [21.38 13.76  6.81 28.15 26.79 25.49 23.34 23.34]]"
34,0.3,0.5,1.0,0.4166666666666667,1.0,0.4169840524512616,WWRSouth0.25_SillHT0.9_WindowHT1.2_BalconyDepth0.75_Split1,9.0,False,44.4,2.11;2.15;2.19;2.24;2.28;2.32;2.36;2.88;2.06;2.14;2.34;2.5;2.64;2.74;2.82;2.8;2.01;2.06;2.27;2.44;2.58;2.68;2.77;2.73;1.97;2.01;2.18;2.37;2.52;2.64;2.69;2.65;1.92;1.96;2.02;2.29;2.48;2.64;2.61;2.57;1.87;1.91;1.95;2.12;2.51;2.58;2.54;2.5;1.82;1.86;1.9;1.95;2.54;2.5;2.46;2.42;0.07;0.08;0.08;0.08;0.08;0.08;0.08;0.17;0.07;0.08;0.1;0.12;0.14;0.16;0.17;0.17;0.07;0.07;0.1;0.12;0.14;0.15;0.17;0.16;0.07;0.07;0.09;0.12;0.14;0.16;0.17;0.16;0.07;0.07;0.07;0.11;0.14;0.17;0.16;0.16;0.07;0.07;0.07;0.09;0.15;0.17;0.16;0.16;0.07;0.07;0.07;0.07;0.17;0.16;0.16;0.15;0.03;0.03;0.03;0.03;0.03;0.03;0.03;0.04;0.03;0.03;0.03;0.03;0.04;0.04;0.04;0.04;2.18;2.59;2.42;2.14;2.25;2.71;2.98;2.95;2.9;2.79;0.03;0.03;0.03;0.03;0.04;0.04;0.04;0.04;0.04;0.04;,"[31.01 28.89 28.25 24.79 18.54 30.46 26.93 27.58 20.71  6.12 29.03 26.22
 25.51 21.22  7.44 29.71 26.89 26.2  24.16 15.07 30.36 29.01 27.68 25.6
 17.9  31.11 29.66 28.95 22.74  6.81 31.11 29.64 28.21 23.39  8.8  31.66
 30.87 30.19 28.15 23.34]","[[31.01 28.89 28.25 24.79 18.54 30.46 26.93 27.58]
 [20.71  6.12 29.03 26.22 25.51 21.22  7.44 29.71]
 [26.89 26.2  24.16 15.07 30.36 29.01 27.68 25.6 ]
 [17.9  31.11 29.66 28.95 22.74  6.81 31.11 29.64]
 [28.21 23.39  8.8  31.66 30.87 30.19 28.15 23.34]]"
35,0.09999999999999998,0.8,0.5,0.5833333333333334,1.0,0.2544477487348047,WWRSouth0.15_SillHT1.35_WindowHT1.0_BalconyDepth1.05_Split1,9.0,False,44.4,1.33;1.36;1.39;1.43;1.46;1.49;1.52;1.7;1.31;1.35;1.47;1.56;1.62;1.66;1.68;1.66;1.28;1.31;1.43;1.52;1.59;1.63;1.65;1.62;1.25;1.28;1.38;1.49;1.56;1.6;1.61;1.58;1.23;1.26;1.3;1.44;1.53;1.59;1.57;1.54;1.2;1.23;1.26;1.36;1.54;1.56;1.53;1.5;1.17;1.21;1.24;1.27;1.55;1.52;1.49;1.45;0.07;0.08;0.08;0.08;0.08;0.08;0.08;0.17;0.07;0.08;0.1;0.12;0.14;0.16;0.17;0.17;0.07;0.07;0.1;0.12;0.14;0.16;0.17;0.17;0.07;0.07;0.09;0.12;0.14;0.16;0.17;0.16;0.07;0.07;0.07;0.11;0.14;0.17;0.16;0.16;0.07;0.07;0.07;0.09;0.15;0.16;0.16;0.16;0.07;0.07;0.07;0.07;0.16;0.16;0.16;0.15;0.02;0.02;0.02;0.02;0.02;0.02;0.02;0.04;0.02;0.02;0.02;0.03;0.03;0.03;0.04;0.04;1.38;1.6;1.51;1.35;1.42;1.66;1.77;1.74;1.74;1.7;0.02;0.02;0.02;0.03;0.03;0.04;0.03;0.04;0.04;0.03;,"[28.25 27.43 24.79 22.02 17.21 27.66 25.47 24.02 16.58  4.79 25.54 25.51
 21.3  16.44  6.12 26.2  26.2  22.02 20.75 14.4  26.85 27.62 24.25 22.18
 16.57 28.27 28.27 26.15 19.36  5.48 28.27 28.93 25.4  20.01  8.13 29.54
 30.19 28.8  26.14 23.34]","[[28.25 27.43 24.79 22.02 17.21 27.66 25.47 24.02]
 [16.58  4.79 25.54 25.51 21.3  16.44  6.12 26.2 ]
 [26.2  22.02 20.75 14.4  26.85 27.62 24.25 22.18]
 [16.57 28.27 28.27 26.15 19.36  5.48 28.27 28.93]
 [25.4  20.01  8.13 29.54 30.19 28.8  26.14 23.34]]"
36,1.0,0.7,1.0,0.4166666666666667,0.0,0.4169840524512616,WWRSouth0.6_SillHT1.2_WindowHT1.2_BalconyDepth0.75_Split0,9.0,False,44.4,2.4;2.46;2.52;2.58;2.64;2.7;2.76;3.6;2.36;2.47;2.8;3.08;3.29;3.46;3.58;3.53;2.31;2.37;2.73;3.01;3.24;3.41;3.54;3.45;2.27;2.33;2.61;2.94;3.19;3.39;3.46;3.38;2.22;2.28;2.38;2.84;3.17;3.45;3.39;3.31;2.18;2.24;2.3;2.58;3.28;3.4;3.32;3.24;2.13;2.19;2.25;2.31;3.41;3.33;3.25;3.16;0.21;0.21;0.22;0.22;0.23;0.23;0.24;0.55;0.2;0.22;0.29;0.36;0.43;0.48;0.54;0.54;0.2;0.2;0.28;0.35;0.42;0.48;0.53;0.53;0.19;0.2;0.26;0.34;0.41;0.48;0.52;0.51;0.19;0.2;0.21;0.32;0.41;0.51;0.51;0.5;0.19;0.19;0.2;0.26;0.45;0.5;0.49;0.48;0.18;0.19;0.19;0.2;0.5;0.49;0.48;0.47;0.08;0.08;0.08;0.08;0.08;0.09;0.09;0.15;0.08;0.08;0.1;0.11;0.12;0.13;0.14;0.14;2.48;3.14;2.86;2.43;2.6;3.32;3.73;3.67;3.62;3.46;0.07;0.09;0.08;0.1;0.12;0.14;0.13;0.14;0.14;0.11;,"[31.01 28.89 28.25 24.79 18.54 30.46 26.93 27.58 20.71  6.12 29.03 26.22
 25.51 21.22  7.44 29.71 26.89 26.2  24.16 15.07 30.36 29.01 27.68 25.6
 17.9  31.11 29.66 28.95 22.74  6.81 31.11 29.64 28.21 23.39  8.8  31.66
 30.87 30.19 28.15 23.34]","[[31.01 28.89 28.25 24.79 18.54 30.46 26.93 27.58]
 [20.71  6.12 29.03 26.22 25.51 21.22  7.44 29.71]
 [26.89 26.2  24.16 15.07 30.36 29.01 27.68 25.6 ]
 [17.9  31.11 29.66 28.95 22.74  6.81 31.11 29.64]
 [28.21 23.39  8.8  31.66 30.87 30.19 28.15 23.34]]"
37,0.9000000000000001,0.6,1.0,0.4166666666666667,0.0,0.4169840524512616,WWRSouth0.55_SillHT1.05_WindowHT1.2_BalconyDepth0.75_Split0,9.0,False,44.4,3.44;3.53;3.63;3.72;3.81;3.91;4.0;3.68;3.39;3.5;3.69;3.8;3.84;3.81;3.72;3.61;3.33;3.43;3.62;3.74;3.78;3.75;3.64;3.55;3.28;3.37;3.55;3.68;3.72;3.69;3.58;3.49;3.23;3.32;3.43;3.61;3.67;3.61;3.52;3.42;3.17;3.27;3.36;3.51;3.62;3.54;3.45;3.36;3.12;3.21;3.31;3.4;3.57;3.48;3.39;3.29;0.35;0.36;0.36;0.36;0.37;0.37;0.38;0.54;0.34;0.35;0.4;0.44;0.47;0.5;0.53;0.53;0.33;0.34;0.38;0.43;0.46;0.49;0.52;0.51;0.32;0.33;0.36;0.41;0.45;0.49;0.51;0.5;0.31;0.32;0.33;0.39;0.44;0.5;0.49;0.48;0.3;0.31;0.31;0.35;0.46;0.49;0.48;0.47;0.29;0.3;0.3;0.31;0.48;0.47;0.46;0.46;0.07;0.07;0.07;0.07;0.08;0.08;0.08;0.14;0.07;0.07;0.09;0.1;0.11;0.12;0.14;0.14;3.54;3.9;3.78;3.47;3.63;3.96;3.83;3.74;3.93;3.96;0.07;0.08;0.07;0.09;0.11;0.13;0.12;0.13;0.13;0.1;,"[31.01 28.89 28.25 24.79 18.54 30.46 26.93 27.58 20.71  6.12 29.03 26.22
 25.51 21.22  7.44 29.71 26.89 26.2  24.16 15.07 30.36 29.01 27.68 25.6
 17.9  31.11 29.66 28.95 22.74  6.81 31.11 29.64 28.21 23.39  8.8  31.66
 30.87 30.19 28.15 23.34]","[[31.01 28.89 28.25 24.79 18.54 30.46 26.93 27.58]
 [20.71  6.12 29.03 26.22 25.51 21.22  7.44 29.71]
 [26.89 26.2  24.16 15.07 30.36 29.01 27.68 25.6 ]
 [17.9  31.11 29.66 28.95 22.74  6.81 31.11 29.64]
 [28.21 23.39  8.8  31.66 30.87 30.19 28.15 23.34]]"
39,0.6000000000000001,0.2,0.5,0.5833333333333334,0.0,0.2544477487348047,WWRSouth0.4_SillHT0.45_WindowHT1.0_BalconyDepth1.05_Split0,9.0,False,44.4,1.22;1.25;1.28;1.31;1.35;1.38;1.41;2.38;1.2;1.28;1.59;1.85;2.07;2.25;2.4;2.36;1.18;1.21;1.54;1.82;2.06;2.25;2.41;2.34;1.16;1.19;1.46;1.79;2.05;2.29;2.4;2.32;1.14;1.17;1.24;1.72;2.08;2.42;2.38;2.3;1.12;1.15;1.18;1.47;2.27;2.43;2.36;2.29;1.1;1.13;1.16;1.2;2.49;2.41;2.34;2.27;0.17;0.17;0.18;0.18;0.18;0.18;0.19;0.46;0.17;0.18;0.23;0.29;0.34;0.39;0.44;0.44;0.16;0.16;0.22;0.28;0.33;0.38;0.43;0.43;0.16;0.16;0.2;0.27;0.32;0.38;0.42;0.42;0.15;0.16;0.16;0.25;0.32;0.4;0.4;0.4;0.15;0.15;0.15;0.2;0.35;0.39;0.39;0.39;0.14;0.15;0.15;0.15;0.38;0.38;0.38;0.38;0.07;0.07;0.07;0.07;0.07;0.07;0.07;0.13;0.06;0.07;0.08;0.09;0.1;0.11;0.12;0.13;1.25;1.84;1.59;1.23;1.35;2.0;2.45;2.39;2.31;2.14;0.06;0.08;0.06;0.09;0.1;0.12;0.11;0.12;0.12;0.09;,"[28.25 27.43 24.79 22.02 17.21 27.66 25.47 24.02 16.58  4.79 25.54 25.51
 21.3  16.44  6.12 26.2  26.2  22.02 20.75 14.4  26.85 27.62 24.25 22.18
 16.57 28.27 28.27 26.15 19.36  5.48 28.27 28.93 25.4  20.01  8.13 29.54
 30.19 28.8  26.14 23.34]","[[28.25 27.43 24.79 22.02 17.21 27.66 25.47 24.02]
 [16.58  4.79 25.54 25.51 21.3  16.44  6.12 26.2 ]
 [26.2  22.02 20.75 14.4  26.85 27.62 24.25 22.18]
 [16.57 28.27 28.27 26.15 19.36  5.48 28.27 28.93]
 [25.4  20.01  8.13 29.54 30.19 28.8  26.14 23.34]]"
40,0.39999999999999997,0.8,1.0,0.4166666666666667,0.0,0.4169840524512616,WWRSouth0.3_SillHT1.35_WindowHT1.2_BalconyDepth0.75_Split0,5.0,False,27.9,0.85;0.87;0.9;0.93;0.96;0.98;1.01;1.92;0.85;0.92;1.19;1.42;1.62;1.79;1.93;1.91;0.84;0.87;1.16;1.41;1.62;1.8;1.95;1.89;0.84;0.87;1.1;1.39;1.62;1.83;1.93;1.87;0.84;0.87;0.93;1.33;1.65;1.95;1.92;1.86;0.84;0.86;0.89;1.14;1.82;1.96;1.9;1.84;0.83;0.86;0.89;0.92;2.0;1.94;1.88;1.82;0.1;0.11;0.11;0.11;0.11;0.12;0.12;0.3;0.1;0.11;0.15;0.19;0.23;0.26;0.29;0.29;0.1;0.1;0.15;0.19;0.22;0.26;0.29;0.29;0.1;0.1;0.13;0.18;0.22;0.26;0.28;0.28;0.1;0.1;0.11;0.17;0.22;0.27;0.27;0.27;0.09;0.1;0.1;0.13;0.24;0.27;0.27;0.26;0.09;0.09;0.1;0.1;0.26;0.26;0.26;0.25;0.04;0.04;0.05;0.05;0.05;0.05;0.05;0.08;0.04;0.05;0.05;0.06;0.07;0.07;0.08;0.08;0.86;1.39;1.16;0.84;0.96;1.55;1.98;1.94;1.84;1.68;0.04;0.05;0.04;0.06;0.07;0.08;0.07;0.08;0.08;0.06;,"[31.01 28.89 28.25 24.79 18.54 30.46 26.93 27.58 20.71  6.12 29.03 26.22
 25.51 21.22  7.44 29.71 26.89 26.2  24.16 15.07 30.36 29.01 27.68 25.6
 17.9  31.11 29.66 28.95 22.74  6.81 31.11 29.64 28.21 23.39  8.8  31.66
 30.87 30.19 28.15 23.34]","[[31.01 28.89 28.25 24.79 18.54 30.46 26.93 27.58]
 [20.71  6.12 29.03 26.22 25.51 21.22  7.44 29.71]
 [26.89 26.2  24.16 15.07 30.36 29.01 27.68 25.6 ]
 [17.9  31.11 29.66 28.95 22.74  6.81 31.11 29.64]
 [28.21 23.39  8.8  31.66 30.87 30.19 28.15 23.34]]"
42,0.6000000000000001,0.3,0.0,0.4166666666666667,1.0,0.4169840524512616,WWRSouth0.4_SillHT0.6_WindowHT0.8_BalconyDepth0.75_Split1,9.0,False,44.4,2.04;2.07;2.09;2.11;2.13;2.15;2.17;2.57;1.99;2.03;2.14;2.25;2.34;2.42;2.49;2.5;1.93;1.95;2.07;2.18;2.27;2.35;2.43;2.42;1.88;1.9;1.99;2.11;2.21;2.3;2.35;2.35;1.82;1.84;1.87;2.03;2.16;2.28;2.28;2.27;1.76;1.78;1.81;1.9;2.15;2.21;2.21;2.2;1.71;1.73;1.75;1.77;2.14;2.14;2.13;2.12;0.1;0.1;0.1;0.11;0.11;0.11;0.11;0.21;0.1;0.1;0.12;0.15;0.17;0.18;0.2;0.21;0.09;0.1;0.12;0.14;0.16;0.18;0.2;0.2;0.09;0.1;0.11;0.14;0.16;0.18;0.19;0.2;0.09;0.09;0.1;0.13;0.16;0.19;0.19;0.19;0.09;0.09;0.1;0.11;0.17;0.18;0.18;0.18;0.09;0.09;0.09;0.1;0.17;0.18;0.18;0.18;0.06;0.06;0.06;0.06;0.06;0.06;0.06;0.08;0.06;0.06;0.06;0.07;0.07;0.07;0.08;0.08;2.12;2.35;2.25;2.09;2.14;2.43;2.65;2.65;2.57;2.49;0.05;0.06;0.05;0.06;0.07;0.08;0.07;0.08;0.08;0.07;,"[31.01 28.89 28.25 24.79 18.54 30.46 26.93 27.58 20.71  6.12 29.03 26.22
 25.51 21.22  7.44 29.71 26.89 26.2  24.16 15.07 30.36 29.01 27.68 25.6
 17.9  31.11 29.66 28.95 22.74  6.81 31.11 29.64 28.21 23.39  8.8  31.66
 30.87 30.19 28.15 23.34]","[[31.01 28.89 28.25 24.79 18.54 30.46 26.93 27.58]
 [20.71  6.12 29.03 26.22 25.51 21.22  7.44 29.71]
 [26.89 26.2  24.16 15.07 30.36 29.01 27.68 25.6 ]
 [17.9  31.11 29.66 28.95 22.74  6.81 31.11 29.64]
 [28.21 23.39  8.8  31.66 30.87 30.19 28.15 23.34]]"
43,0.9000000000000001,0.5,0.5,1.0,1.0,0.0,WWRSouth0.55_SillHT0.9_WindowHT1.0_BalconyDepth1.8_Split1,9.0,False,44.4,3.62;3.65;3.69;3.72;3.76;3.79;3.83;3.72;3.52;3.55;3.59;3.61;3.63;3.63;3.62;3.61;3.42;3.45;3.49;3.51;3.52;3.52;3.5;3.51;3.32;3.35;3.39;3.41;3.42;3.41;3.39;3.4;3.22;3.25;3.29;3.31;3.31;3.29;3.29;3.29;3.11;3.15;3.19;3.21;3.19;3.18;3.18;3.18;3.01;3.05;3.08;3.12;3.06;3.07;3.07;3.07;0.33;0.34;0.35;0.35;0.36;0.36;0.37;0.58;0.33;0.34;0.39;0.44;0.48;0.52;0.56;0.57;0.32;0.32;0.38;0.43;0.47;0.51;0.55;0.55;0.31;0.32;0.36;0.41;0.46;0.5;0.53;0.53;0.3;0.31;0.32;0.39;0.45;0.51;0.52;0.51;0.29;0.3;0.31;0.35;0.47;0.5;0.5;0.5;0.29;0.29;0.3;0.3;0.49;0.49;0.48;0.48;0.1;0.1;0.11;0.11;0.11;0.11;0.11;0.18;0.1;0.1;0.12;0.14;0.15;0.16;0.17;0.18;3.75;3.82;3.79;3.69;3.74;3.85;3.83;3.83;3.84;3.84;0.1;0.11;0.1;0.13;0.15;0.17;0.16;0.17;0.17;0.14;,"[25.45 24.73 22.13 17.8  15.19 25.59 20.67 19.24  8.25  2.77 22.08 20.72
 16.52  9.61  4.1  22.71 20.73 17.31 13.71 13.05 23.36 23.5  20.3  16.47
 15.24 25.46 24.12 22.12 12.36  4.16 26.85 24.78 21.38 13.76  6.81 28.15
 26.79 25.49 23.34 23.34]","[[25.45 24.73 22.13 17.8  15.19 25.59 20.67 19.24]
 [ 8.25  2.77 22.08 20.72 16.52  9.61  4.1  22.71]
 [20.73 17.31 13.71 13.05 23.36 23.5  20.3  16.47]
 [15.24 25.46 24.12 22.12 12.36  4.16 26.85 24.78]
 [21.38 13.76  6.81 28.15 26.79 25.49 23.34 23.34]]"
44,0.39999999999999997,0.9999999999999999,1.0,1.0,0.0,0.0,WWRSouth0.3_SillHT1.65_WindowHT1.2_BalconyDepth1.8_Split0,9.0,False,44.4,2.03;2.09;2.16;2.22;2.29;2.35;2.42;2.88;2.02;2.13;2.39;2.59;2.74;2.84;2.89;2.83;2.02;2.08;2.36;2.57;2.72;2.81;2.86;2.79;2.02;2.08;2.3;2.53;2.69;2.8;2.81;2.74;2.01;2.08;2.17;2.48;2.69;2.83;2.76;2.69;2.01;2.07;2.14;2.34;2.75;2.79;2.71;2.64;2.0;2.07;2.13;2.2;2.82;2.74;2.67;2.59;0.3;0.31;0.31;0.32;0.32;0.33;0.33;0.55;0.29;0.31;0.36;0.41;0.45;0.49;0.53;0.53;0.29;0.29;0.35;0.39;0.44;0.48;0.52;0.52;0.28;0.28;0.33;0.38;0.43;0.48;0.51;0.5;0.27;0.28;0.29;0.36;0.42;0.49;0.49;0.49;0.26;0.27;0.27;0.32;0.45;0.48;0.47;0.47;0.26;0.26;0.26;0.27;0.47;0.46;0.46;0.45;0.11;0.11;0.11;0.11;0.11;0.11;0.11;0.13;0.1;0.1;0.11;0.12;0.12;0.12;0.13;0.13;2.06;2.6;2.38;2.02;2.17;2.73;2.99;2.93;2.93;2.83;0.1;0.11;0.1;0.11;0.12;0.12;0.12;0.12;0.12;0.11;,"[25.45 24.73 22.13 17.8  15.19 25.59 20.67 19.24  8.25  2.77 22.08 20.72
 16.52  9.61  4.1  22.71 20.73 17.31 13.71 13.05 23.36 23.5  20.3  16.47
 15.24 25.46 24.12 22.12 12.36  4.16 26.85 24.78 21.38 13.76  6.81 28.15
 26.79 25.49 23.34 23.34]","[[25.45 24.73 22.13 17.8  15.19 25.59 20.67 19.24]
 [ 8.25  2.77 22.08 20.72 16.52  9.61  4.1  22.71]
 [20.73 17.31 13.71 13.05 23.36 23.5  20.3  16.47]
 [15.24 25.46 24.12 22.12 12.36  4.16 26.85 24.78]
 [21.38 13.76  6.81 28.15 26.79 25.49 23.34 23.34]]"
45,0.2,0.6,0.5,0.08333333333333333,0.0,1.0,WWRSouth0.2_SillHT1.05_WindowHT1.0_BalconyDepth0.15_Split0,5.06,False,20.3,0.55;0.57;0.58;0.6;0.62;0.64;0.65;1.34;0.55;0.6;0.8;0.97;1.12;1.24;1.35;1.33;0.55;0.57;0.78;0.96;1.12;1.25;1.37;1.33;0.56;0.57;0.74;0.95;1.13;1.28;1.36;1.32;0.56;0.58;0.62;0.92;1.15;1.38;1.35;1.31;0.56;0.58;0.6;0.77;1.28;1.39;1.35;1.3;0.56;0.58;0.6;0.61;1.42;1.38;1.34;1.3;0.16;0.17;0.17;0.17;0.17;0.17;0.18;0.27;0.16;0.16;0.19;0.2;0.22;0.24;0.26;0.26;0.15;0.16;0.18;0.2;0.22;0.23;0.25;0.25;0.15;0.15;0.17;0.19;0.21;0.23;0.24;0.24;0.15;0.15;0.15;0.18;0.21;0.23;0.24;0.23;0.14;0.14;0.15;0.16;0.21;0.23;0.23;0.23;0.14;0.14;0.14;0.14;0.22;0.22;0.22;0.22;0.08;0.08;0.08;0.08;0.08;0.08;0.08;0.1;0.07;0.08;0.08;0.09;0.09;0.1;0.1;0.1;0.55;0.94;0.77;0.55;0.62;1.05;1.37;1.35;1.27;1.15;0.07;0.08;0.07;0.08;0.09;0.1;0.1;0.1;0.1;0.09;,"[31.01 31.01 31.01 31.01 31.69 31.01 31.01 31.69 31.69 33.02 31.01 31.69
 32.37 33.02 33.78 31.69 33.02 33.02 33.78 33.78 33.02 33.78 33.78 33.78
 34.42 33.78 33.78 33.78 34.42 34.42 33.78 33.78 34.42 34.42 35.07 33.78
 34.42 34.42 35.07 35.72]","[[31.01 31.01 31.01 31.01 31.69 31.01 31.01 31.69]
 [31.69 33.02 31.01 31.69 32.37 33.02 33.78 31.69]
 [33.02 33.02 33.78 33.78 33.02 33.78 33.78 33.78]
 [34.42 33.78 33.78 33.78 34.42 34.42 33.78 33.78]
 [34.42 34.42 35.07 33.78 34.42 34.42 35.07 35.72]]"
47,0.9000000000000001,0.4,0.0,1.0,1.0,0.0,WWRSouth0.55_SillHT0.75_WindowHT0.8_BalconyDepth1.8_Split1,9.0,False,44.4,2.82;2.85;2.87;2.9;2.93;2.95;2.98;3.61;2.74;2.79;2.96;3.11;3.24;3.37;3.49;3.5;2.66;2.69;2.86;3.02;3.15;3.28;3.4;3.4;2.58;2.61;2.75;2.92;3.07;3.21;3.3;3.29;2.51;2.53;2.58;2.81;2.99;3.18;3.19;3.19;2.43;2.45;2.48;2.62;2.99;3.09;3.09;3.08;2.35;2.38;2.4;2.43;2.99;2.99;2.98;2.98;0.4;0.4;0.4;0.4;0.4;0.4;0.4;0.54;0.38;0.39;0.42;0.45;0.48;0.51;0.53;0.53;0.37;0.37;0.41;0.44;0.47;0.49;0.52;0.51;0.36;0.36;0.39;0.42;0.46;0.49;0.5;0.5;0.35;0.35;0.36;0.41;0.45;0.49;0.49;0.48;0.34;0.34;0.34;0.37;0.46;0.48;0.47;0.47;0.33;0.33;0.33;0.33;0.47;0.46;0.46;0.45;0.13;0.13;0.13;0.13;0.13;0.14;0.14;0.17;0.12;0.13;0.14;0.15;0.16;0.16;0.17;0.17;2.92;3.26;3.1;2.88;2.96;3.38;3.7;3.71;3.59;3.46;0.12;0.13;0.12;0.14;0.15;0.17;0.16;0.17;0.16;0.15;,"[25.45 24.73 22.13 17.8  15.19 25.59 20.67 19.24  8.25  2.77 22.08 20.72
 16.52  9.61  4.1  22.71 20.73 17.31 13.71 13.05 23.36 23.5  20.3  16.47
 15.24 25.46 24.12 22.12 12.36  4.16 26.85 24.78 21.38 13.76  6.81 28.15
 26.79 25.49 23.34 23.34]","[[25.45 24.73 22.13 17.8  15.19 25.59 20.67 19.24]
 [ 8.25  2.77 22.08 20.72 16.52  9.61  4.1  22.71]
 [20.73 17.31 13.71 13.05 23.36 23.5  20.3  16.47]
 [15.24 25.46 24.12 22.12 12.36  4.16 26.85 24.78]
 [21.38 13.76  6.81 28.15 26.79 25.49 23.34 23.34]]"
48,0.9000000000000001,0.3,0.0,1.0,0.0,0.0,WWRSouth0.55_SillHT0.6_WindowHT0.8_BalconyDepth1.8_Split0,9.0,False,44.4,1.66;1.7;1.74;1.79;1.83;1.87;1.91;3.24;1.63;1.74;2.13;2.47;2.76;3.01;3.22;3.18;1.6;1.64;2.07;2.42;2.73;2.98;3.21;3.13;1.57;1.61;1.95;2.36;2.7;3.0;3.15;3.07;1.54;1.58;1.67;2.26;2.71;3.13;3.09;3.01;1.51;1.56;1.6;1.95;2.91;3.11;3.03;2.95;1.48;1.53;1.57;1.61;3.14;3.05;2.97;2.89;0.25;0.25;0.26;0.26;0.27;0.27;0.28;0.59;0.24;0.26;0.33;0.4;0.46;0.52;0.57;0.58;0.24;0.24;0.32;0.39;0.45;0.51;0.57;0.56;0.23;0.24;0.3;0.37;0.44;0.51;0.55;0.55;0.23;0.23;0.25;0.35;0.44;0.53;0.54;0.53;0.22;0.23;0.23;0.29;0.48;0.53;0.52;0.51;0.22;0.22;0.23;0.23;0.52;0.51;0.5;0.5;0.07;0.07;0.07;0.07;0.07;0.07;0.07;0.14;0.07;0.07;0.08;0.1;0.11;0.12;0.13;0.13;1.71;2.49;2.15;1.68;1.84;2.72;3.35;3.3;3.15;2.91;0.07;0.08;0.07;0.09;0.11;0.13;0.12;0.13;0.13;0.1;,"[25.45 24.73 22.13 17.8  15.19 25.59 20.67 19.24  8.25  2.77 22.08 20.72
 16.52  9.61  4.1  22.71 20.73 17.31 13.71 13.05 23.36 23.5  20.3  16.47
 15.24 25.46 24.12 22.12 12.36  4.16 26.85 24.78 21.38 13.76  6.81 28.15
 26.79 25.49 23.34 23.34]","[[25.45 24.73 22.13 17.8  15.19 25.59 20.67 19.24]
 [ 8.25  2.77 22.08 20.72 16.52  9.61  4.1  22.71]
 [20.73 17.31 13.71 13.05 23.36 23.5  20.3  16.47]
 [15.24 25.46 24.12 22.12 12.36  4.16 26.85 24.78]
 [21.38 13.76  6.81 28.15 26.79 25.49 23.34 23.34]]"
50,0.49999999999999994,0.2,0.5,0.5833333333333334,0.0,0.2544477487348047,WWRSouth0.35_SillHT0.45_WindowHT1.0_BalconyDepth1.05_Split0,5.0,False,27.9,0.85;0.88;0.91;0.93;0.96;0.99;1.01;2.3;0.85;0.94;1.28;1.58;1.85;2.09;2.29;2.27;0.85;0.87;1.25;1.56;1.84;2.09;2.31;2.24;0.84;0.87;1.16;1.53;1.84;2.13;2.28;2.21;0.84;0.87;0.94;1.46;1.88;2.28;2.25;2.18;0.84;0.87;0.89;1.2;2.09;2.28;2.22;2.15;0.84;0.87;0.89;0.92;2.32;2.26;2.19;2.12;0.15;0.15;0.16;0.16;0.16;0.17;0.17;0.32;0.15;0.16;0.2;0.23;0.26;0.29;0.31;0.31;0.15;0.15;0.19;0.22;0.25;0.28;0.31;0.3;0.14;0.14;0.18;0.22;0.25;0.28;0.3;0.29;0.14;0.14;0.15;0.21;0.25;0.3;0.29;0.29;0.14;0.14;0.14;0.17;0.27;0.29;0.29;0.28;0.13;0.13;0.14;0.14;0.29;0.28;0.28;0.27;0.05;0.06;0.06;0.06;0.06;0.06;0.06;0.09;0.05;0.06;0.06;0.07;0.08;0.08;0.09;0.09;0.87;1.55;1.25;0.85;0.98;1.76;2.37;2.33;2.17;1.94;0.05;0.06;0.05;0.07;0.08;0.09;0.08;0.09;0.09;0.07;,"[28.25 27.43 24.79 22.02 17.21 27.66 25.47 24.02 16.58  4.79 25.54 25.51
 21.3  16.44  6.12 26.2  26.2  22.02 20.75 14.4  26.85 27.62 24.25 22.18
 16.57 28.27 28.27 26.15 19.36  5.48 28.27 28.93 25.4  20.01  8.13 29.54
 30.19 28.8  26.14 23.34]","[[28.25 27.43 24.79 22.02 17.21 27.66 25.47 24.02]
 [16.58  4.79 25.54 25.51 21.3  16.44  6.12 26.2 ]
 [26.2  22.02 20.75 14.4  26.85 27.62 24.25 22.18]
 [16.57 28.27 28.27 26.15 19.36  5.48 28.27 28.93]
 [25.4  20.01  8.13 29.54 30.19 28.8  26.14 23.34]]"
51,0.39999999999999997,0.4,1.0,0.4166666666666667,1.0,0.4169840524512616,WWRSouth0.3_SillHT0.75_WindowHT1.2_BalconyDepth0.75_Split1,9.0,False,44.4,2.08;2.11;2.15;2.18;2.21;2.24;2.27;2.77;2.03;2.09;2.25;2.39;2.51;2.61;2.69;2.69;1.98;2.01;2.18;2.33;2.45;2.55;2.63;2.61;1.92;1.95;2.09;2.25;2.39;2.5;2.56;2.53;1.87;1.9;1.95;2.17;2.34;2.49;2.48;2.45;1.82;1.85;1.88;2.02;2.35;2.42;2.4;2.38;1.76;1.79;1.83;1.86;2.37;2.34;2.32;2.3;0.12;0.12;0.12;0.13;0.13;0.13;0.13;0.19;0.12;0.12;0.14;0.16;0.17;0.18;0.19;0.19;0.11;0.12;0.13;0.15;0.16;0.18;0.19;0.19;0.11;0.11;0.13;0.15;0.16;0.18;0.18;0.18;0.11;0.11;0.11;0.14;0.16;0.18;0.18;0.18;0.1;0.11;0.11;0.12;0.17;0.18;0.17;0.17;0.1;0.1;0.11;0.11;0.18;0.17;0.17;0.17;0.04;0.05;0.05;0.05;0.05;0.05;0.05;0.07;0.04;0.05;0.05;0.05;0.06;0.06;0.06;0.06;2.16;2.49;2.35;2.12;2.21;2.6;2.86;2.84;2.77;2.67;0.04;0.05;0.04;0.05;0.06;0.06;0.06;0.06;0.06;0.05;,"[31.01 28.89 28.25 24.79 18.54 30.46 26.93 27.58 20.71  6.12 29.03 26.22
 25.51 21.22  7.44 29.71 26.89 26.2  24.16 15.07 30.36 29.01 27.68 25.6
 17.9  31.11 29.66 28.95 22.74  6.81 31.11 29.64 28.21 23.39  8.8  31.66
 30.87 30.19 28.15 23.34]","[[31.01 28.89 28.25 24.79 18.54 30.46 26.93 27.58]
 [20.71  6.12 29.03 26.22 25.51 21.22  7.44 29.71]
 [26.89 26.2  24.16 15.07 30.36 29.01 27.68 25.6 ]
 [17.9  31.11 29.66 28.95 22.74  6.81 31.11 29.64]
 [28.21 23.39  8.8  31.66 30.87 30.19 28.15 23.34]]"
52,0.49999999999999994,0.5,0.0,1.0,1.0,0.0,WWRSouth0.35_SillHT0.9_WindowHT0.8_BalconyDepth1.8_Split1,9.0,False,44.4,2.07;2.09;2.11;2.13;2.15;2.17;2.19;3.08;2.02;2.06;2.25;2.43;2.6;2.78;2.95;2.99;1.96;1.98;2.17;2.35;2.53;2.71;2.89;2.9;1.9;1.92;2.07;2.27;2.46;2.66;2.8;2.82;1.84;1.86;1.9;2.17;2.41;2.68;2.71;2.73;1.78;1.8;1.82;1.98;2.46;2.61;2.62;2.64;1.73;1.75;1.77;1.78;2.51;2.52;2.54;2.55;0.16;0.17;0.17;0.17;0.18;0.18;0.18;0.24;0.16;0.17;0.19;0.21;0.22;0.23;0.24;0.24;0.16;0.16;0.18;0.2;0.22;0.23;0.24;0.23;0.15;0.16;0.17;0.2;0.21;0.23;0.23;0.23;0.15;0.15;0.16;0.19;0.21;0.23;0.23;0.22;0.15;0.15;0.15;0.17;0.22;0.23;0.22;0.22;0.14;0.14;0.15;0.15;0.23;0.22;0.22;0.21;0.06;0.06;0.06;0.06;0.06;0.06;0.06;0.07;0.06;0.06;0.06;0.06;0.07;0.07;0.07;0.07;2.15;2.53;2.35;2.12;2.19;2.67;3.14;3.17;2.97;2.79;0.05;0.06;0.06;0.06;0.06;0.07;0.07;0.06;0.07;0.06;,"[25.45 24.73 22.13 17.8  15.19 25.59 20.67 19.24  8.25  2.77 22.08 20.72
 16.52  9.61  4.1  22.71 20.73 17.31 13.71 13.05 23.36 23.5  20.3  16.47
 15.24 25.46 24.12 22.12 12.36  4.16 26.85 24.78 21.38 13.76  6.81 28.15
 26.79 25.49 23.34 23.34]","[[25.45 24.73 22.13 17.8  15.19 25.59 20.67 19.24]
 [ 8.25  2.77 22.08 20.72 16.52  9.61  4.1  22.71]
 [20.73 17.31 13.71 13.05 23.36 23.5  20.3  16.47]
 [15.24 25.46 24.12 22.12 12.36  4.16 26.85 24.78]
 [21.38 13.76  6.81 28.15 26.79 25.49 23.34 23.34]]"
53,0.49999999999999994,0.9999999999999999,0.5,0.0,0.0,1.0,WWRSouth0.35_SillHT1.65_WindowHT1.0_BalconyDepth0_Split0,9.0,False,44.4,1.34;1.38;1.42;1.46;1.5;1.55;1.59;2.42;1.33;1.42;1.71;1.96;2.16;2.33;2.45;2.4;1.32;1.36;1.68;1.94;2.15;2.32;2.46;2.38;1.31;1.35;1.6;1.91;2.15;2.35;2.44;2.36;1.29;1.34;1.41;1.85;2.17;2.46;2.42;2.34;1.28;1.32;1.37;1.64;2.34;2.47;2.39;2.32;1.27;1.31;1.35;1.4;2.52;2.45;2.37;2.3;0.17;0.17;0.18;0.18;0.18;0.18;0.18;0.31;0.17;0.17;0.2;0.23;0.25;0.28;0.3;0.3;0.16;0.16;0.19;0.22;0.25;0.27;0.3;0.29;0.16;0.16;0.18;0.21;0.24;0.27;0.29;0.29;0.15;0.15;0.16;0.2;0.24;0.28;0.28;0.28;0.15;0.15;0.15;0.18;0.25;0.27;0.27;0.27;0.14;0.14;0.15;0.15;0.27;0.26;0.26;0.26;0.06;0.06;0.06;0.06;0.06;0.07;0.07;0.09;0.06;0.06;0.07;0.07;0.08;0.08;0.08;0.08;1.37;1.95;1.7;1.34;1.48;2.1;2.5;2.44;2.38;2.23;0.06;0.06;0.06;0.07;0.07;0.08;0.08;0.08;0.08;0.07;,"[31.01 31.01 31.01 31.01 31.69 31.01 31.01 31.69 31.69 33.02 31.01 31.69
 32.37 33.02 33.78 31.69 33.02 33.02 33.78 33.78 33.02 33.78 33.78 33.78
 34.42 33.78 33.78 33.78 34.42 34.42 33.78 33.78 34.42 34.42 35.07 33.78
 34.42 34.42 35.07 35.72]","[[31.01 31.01 31.01 31.01 31.69 31.01 31.01 31.69]
 [31.69 33.02 31.01 31.69 32.37 33.02 33.78 31.69]
 [33.02 33.02 33.78 33.78 33.02 33.78 33.78 33.78]
 [34.42 33.78 33.78 33.78 34.42 34.42 33.78 33.78]
 [34.42 34.42 35.07 33.78 34.42 34.42 35.07 35.72]]"
54,0.8,0.9999999999999999,0.0,0.08333333333333333,0.0,1.0,WWRSouth0.5_SillHT1.65_WindowHT0.8_BalconyDepth0.15_Split0,9.0,False,44.4,2.56;2.62;2.68;2.73;2.79;2.85;2.9;3.92;2.51;2.63;3.0;3.32;3.57;3.77;3.91;3.85;2.45;2.51;2.92;3.25;3.51;3.72;3.87;3.78;2.4;2.46;2.78;3.17;3.47;3.71;3.8;3.71;2.35;2.4;2.5;3.05;3.45;3.8;3.73;3.63;2.29;2.35;2.41;2.75;3.61;3.76;3.66;3.56;2.24;2.3;2.35;2.41;3.79;3.69;3.59;3.49;0.29;0.3;0.3;0.31;0.31;0.32;0.32;0.51;0.28;0.3;0.35;0.39;0.43;0.47;0.5;0.5;0.28;0.28;0.33;0.38;0.42;0.46;0.49;0.48;0.27;0.28;0.32;0.37;0.41;0.45;0.48;0.47;0.26;0.27;0.28;0.35;0.41;0.46;0.46;0.46;0.26;0.26;0.27;0.31;0.43;0.46;0.45;0.44;0.25;0.25;0.26;0.27;0.45;0.44;0.44;0.43;0.12;0.12;0.12;0.12;0.12;0.13;0.13;0.14;0.11;0.12;0.12;0.13;0.13;0.13;0.14;0.13;2.65;3.38;3.07;2.6;2.77;3.59;4.06;3.99;3.92;3.74;0.11;0.12;0.11;0.12;0.13;0.13;0.13;0.13;0.13;0.13;,"[31.01 31.01 31.01 31.01 31.69 31.01 31.01 31.69 31.69 33.02 31.01 31.69
 32.37 33.02 33.78 31.69 33.02 33.02 33.78 33.78 33.02 33.78 33.78 33.78
 34.42 33.78 33.78 33.78 34.42 34.42 33.78 33.78 34.42 34.42 35.07 33.78
 34.42 34.42 35.07 35.72]","[[31.01 31.01 31.01 31.01 31.69 31.01 31.01 31.69]
 [31.69 33.02 31.01 31.69 32.37 33.02 33.78 31.69]
 [33.02 33.02 33.78 33.78 33.02 33.78 33.78 33.78]
 [34.42 33.78 33.78 33.78 34.42 34.42 33.78 33.78]
 [34.42 34.42 35.07 33.78 34.42 34.42 35.07 35.72]]"
55,0.6000000000000001,0.0,1.0,0.0,0.0,1.0,WWRSouth0.4_SillHT0.15_WindowHT1.2_BalconyDepth0_Split0,9.0,False,44.4,1.7;1.75;1.79;1.84;1.88;1.93;1.98;2.96;1.68;1.78;2.12;2.41;2.64;2.83;2.98;2.92;1.65;1.69;2.07;2.37;2.62;2.82;2.98;2.89;1.62;1.67;1.96;2.32;2.61;2.84;2.95;2.86;1.59;1.64;1.72;2.24;2.62;2.97;2.91;2.83;1.56;1.61;1.66;1.97;2.81;2.97;2.88;2.79;1.54;1.58;1.63;1.67;3.02;2.94;2.85;2.76;0.19;0.2;0.2;0.21;0.21;0.22;0.22;0.39;0.19;0.2;0.25;0.29;0.33;0.36;0.39;0.39;0.19;0.19;0.24;0.29;0.32;0.36;0.39;0.38;0.18;0.19;0.23;0.28;0.32;0.36;0.38;0.37;0.18;0.18;0.2;0.27;0.32;0.37;0.37;0.36;0.18;0.18;0.19;0.23;0.34;0.37;0.36;0.35;0.17;0.18;0.18;0.19;0.37;0.36;0.35;0.34;0.08;0.08;0.08;0.08;0.08;0.08;0.09;0.1;0.08;0.08;0.09;0.09;0.1;0.1;0.1;0.1;1.76;2.42;2.13;1.72;1.87;2.6;3.05;2.99;2.92;2.75;0.07;0.08;0.08;0.09;0.09;0.1;0.1;0.1;0.1;0.09;,"[31.01 31.01 31.01 31.01 31.69 31.01 31.01 31.69 31.69 33.02 31.01 31.69
 32.37 33.02 33.78 31.69 33.02 33.02 33.78 33.78 33.02 33.78 33.78 33.78
 34.42 33.78 33.78 33.78 34.42 34.42 33.78 33.78 34.42 34.42 35.07 33.78
 34.42 34.42 35.07 35.72]","[[31.01 31.01 31.01 31.01 31.69 31.01 31.01 31.69]
 [31.69 33.02 31.01 31.69 32.37 33.02 33.78 31.69]
 [33.02 33.02 33.78 33.78 33.02 33.78 33.78 33.78]
 [34.42 33.78 33.78 33.78 34.42 34.42 33.78 33.78]
 [34.42 34.42 35.07 33.78 34.42 34.42 35.07 35.72]]"
56,0.2,0.8,0.5,0.0,0.0,1.0,WWRSouth0.2_SillHT1.35_WindowHT1.0_BalconyDepth0_Split0,5.06,False,20.0,0.44;0.46;0.47;0.49;0.5;0.52;0.53;1.31;0.44;0.49;0.7;0.89;1.05;1.19;1.32;1.3;0.44;0.46;0.69;0.88;1.05;1.2;1.34;1.3;0.44;0.46;0.64;0.87;1.06;1.24;1.34;1.29;0.44;0.46;0.5;0.83;1.09;1.35;1.33;1.29;0.44;0.46;0.47;0.67;1.24;1.37;1.33;1.28;0.44;0.46;0.47;0.48;1.41;1.36;1.32;1.28;0.15;0.16;0.16;0.16;0.16;0.17;0.17;0.26;0.15;0.15;0.18;0.2;0.21;0.23;0.25;0.26;0.15;0.15;0.17;0.19;0.21;0.23;0.25;0.25;0.14;0.14;0.16;0.18;0.2;0.23;0.24;0.24;0.14;0.14;0.14;0.17;0.2;0.23;0.23;0.23;0.13;0.14;0.14;0.16;0.21;0.22;0.22;0.22;0.13;0.13;0.13;0.14;0.22;0.22;0.22;0.22;0.06;0.06;0.06;0.06;0.06;0.06;0.06;0.07;0.06;0.06;0.06;0.07;0.07;0.07;0.07;0.07;0.45;0.86;0.68;0.44;0.52;0.98;1.34;1.31;1.22;1.08;0.06;0.06;0.06;0.06;0.07;0.07;0.07;0.07;0.07;0.07;,"[31.01 31.01 31.01 31.01 31.69 31.01 31.01 31.69 31.69 33.02 31.01 31.69
 32.37 33.02 33.78 31.69 33.02 33.02 33.78 33.78 33.02 33.78 33.78 33.78
 34.42 33.78 33.78 33.78 34.42 34.42 33.78 33.78 34.42 34.42 35.07 33.78
 34.42 34.42 35.07 35.72]","[[31.01 31.01 31.01 31.01 31.69 31.01 31.01 31.69]
 [31.69 33.02 31.01 31.69 32.37 33.02 33.78 31.69]
 [33.02 33.02 33.78 33.78 33.02 33.78 33.78 33.78]
 [34.42 33.78 33.78 33.78 34.42 34.42 33.78 33.78]
 [34.42 34.42 35.07 33.78 34.42 34.42 35.07 35.72]]"
57,0.39999999999999997,0.09999999999999999,1.0,0.4166666666666667,0.0,0.4169840524512616,WWRSouth0.3_SillHT0.3_WindowHT1.2_BalconyDepth0.75_Split0,6.6,False,36.5,0.99;1.02;1.05;1.08;1.11;1.14;1.17;2.0;0.98;1.05;1.31;1.52;1.71;1.86;1.99;1.97;0.97;1.0;1.27;1.5;1.69;1.85;1.99;1.93;0.97;1.0;1.21;1.47;1.68;1.86;1.95;1.9;0.96;0.99;1.05;1.41;1.69;1.95;1.92;1.87;0.95;0.98;1.01;1.23;1.81;1.93;1.88;1.83;0.94;0.98;1.01;1.04;1.95;1.9;1.85;1.8;0.24;0.24;0.24;0.25;0.25;0.25;0.26;0.4;0.23;0.24;0.27;0.3;0.33;0.36;0.38;0.39;0.22;0.23;0.26;0.29;0.32;0.35;0.38;0.38;0.22;0.22;0.25;0.28;0.31;0.34;0.36;0.36;0.21;0.22;0.22;0.27;0.31;0.35;0.35;0.35;0.21;0.21;0.21;0.24;0.32;0.34;0.34;0.34;0.2;0.2;0.21;0.21;0.33;0.33;0.33;0.33;0.1;0.1;0.1;0.11;0.11;0.11;0.11;0.15;0.1;0.1;0.11;0.12;0.13;0.14;0.15;0.15;1.01;1.52;1.3;0.99;1.1;1.66;2.07;2.04;1.94;1.79;0.1;0.11;0.1;0.12;0.13;0.14;0.14;0.14;0.14;0.12;,"[31.01 28.89 28.25 24.79 18.54 30.46 26.93 27.58 20.71  6.12 29.03 26.22
 25.51 21.22  7.44 29.71 26.89 26.2  24.16 15.07 30.36 29.01 27.68 25.6
 17.9  31.11 29.66 28.95 22.74  6.81 31.11 29.64 28.21 23.39  8.8  31.66
 30.87 30.19 28.15 23.34]","[[31.01 28.89 28.25 24.79 18.54 30.46 26.93 27.58]
 [20.71  6.12 29.03 26.22 25.51 21.22  7.44 29.71]
 [26.89 26.2  24.16 15.07 30.36 29.01 27.68 25.6 ]
 [17.9  31.11 29.66 28.95 22.74  6.81 31.11 29.64]
 [28.21 23.39  8.8  31.66 30.87 30.19 28.15 23.34]]"
58,1.0,0.8,0.0,1.0,1.0,0.0,WWRSouth0.6_SillHT1.35_WindowHT0.8_BalconyDepth1.8_Split1,9.0,False,44.4,3.54;3.6;3.66;3.72;3.77;3.83;3.89;4.21;3.45;3.54;3.73;3.88;3.99;4.07;4.12;4.1;3.36;3.42;3.62;3.77;3.89;3.97;4.01;3.98;3.28;3.33;3.49;3.66;3.79;3.87;3.89;3.86;3.19;3.25;3.32;3.54;3.69;3.8;3.77;3.74;3.1;3.16;3.21;3.37;3.65;3.69;3.66;3.62;3.01;3.07;3.13;3.18;3.61;3.57;3.54;3.5;0.37;0.37;0.37;0.38;0.38;0.38;0.39;0.58;0.36;0.37;0.42;0.46;0.5;0.53;0.56;0.56;0.35;0.35;0.4;0.45;0.49;0.52;0.55;0.55;0.34;0.34;0.38;0.43;0.48;0.52;0.54;0.53;0.33;0.33;0.34;0.41;0.47;0.53;0.52;0.52;0.32;0.32;0.32;0.37;0.49;0.52;0.51;0.5;0.31;0.31;0.31;0.32;0.51;0.5;0.49;0.49;0.11;0.11;0.11;0.11;0.11;0.11;0.12;0.18;0.1;0.11;0.12;0.14;0.15;0.16;0.17;0.17;3.67;4.05;3.89;3.6;3.72;4.16;4.36;4.33;4.31;4.22;0.1;0.12;0.1;0.13;0.15;0.17;0.16;0.17;0.17;0.14;,"[25.45 24.73 22.13 17.8  15.19 25.59 20.67 19.24  8.25  2.77 22.08 20.72
 16.52  9.61  4.1  22.71 20.73 17.31 13.71 13.05 23.36 23.5  20.3  16.47
 15.24 25.46 24.12 22.12 12.36  4.16 26.85 24.78 21.38 13.76  6.81 28.15
 26.79 25.49 23.34 23.34]","[[25.45 24.73 22.13 17.8  15.19 25.59 20.67 19.24]
 [ 8.25  2.77 22.08 20.72 16.52  9.61  4.1  22.71]
 [20.73 17.31 13.71 13.05 23.36 23.5  20.3  16.47]
 [15.24 25.46 24.12 22.12 12.36  4.16 26.85 24.78]
 [21.38 13.76  6.81 28.15 26.79 25.49 23.34 23.34]]"
59,0.3,0.2,0.5,1.0,0.0,0.0,WWRSouth0.25_SillHT0.45_WindowHT1.0_BalconyDepth1.8_Split0,5.06,False,20.0,0.57;0.59;0.61;0.63;0.64;0.66;0.68;1.22;0.57;0.62;0.78;0.92;1.04;1.14;1.22;1.2;0.57;0.58;0.76;0.91;1.03;1.13;1.22;1.19;0.56;0.58;0.72;0.89;1.03;1.15;1.21;1.17;0.56;0.58;0.62;0.86;1.04;1.21;1.19;1.16;0.56;0.57;0.59;0.74;1.13;1.21;1.18;1.14;0.55;0.57;0.59;0.61;1.24;1.2;1.16;1.13;0.19;0.19;0.19;0.2;0.2;0.21;0.21;0.33;0.18;0.19;0.23;0.26;0.28;0.3;0.33;0.33;0.18;0.18;0.22;0.25;0.28;0.3;0.32;0.32;0.17;0.18;0.21;0.24;0.27;0.3;0.31;0.31;0.17;0.18;0.18;0.23;0.27;0.3;0.3;0.3;0.17;0.17;0.18;0.2;0.28;0.3;0.29;0.29;0.16;0.17;0.17;0.18;0.29;0.29;0.28;0.28;0.08;0.08;0.08;0.08;0.08;0.08;0.08;0.11;0.07;0.08;0.09;0.09;0.1;0.1;0.11;0.1;0.58;0.91;0.77;0.57;0.64;1.0;1.25;1.23;1.17;1.08;0.07;0.08;0.07;0.09;0.1;0.1;0.1;0.1;0.1;0.09;,"[25.45 24.73 22.13 17.8  15.19 25.59 20.67 19.24  8.25  2.77 22.08 20.72
 16.52  9.61  4.1  22.71 20.73 17.31 13.71 13.05 23.36 23.5  20.3  16.47
 15.24 25.46 24.12 22.12 12.36  4.16 26.85 24.78 21.38 13.76  6.81 28.15
 26.79 25.49 23.34 23.34]","[[25.45 24.73 22.13 17.8  15.19 25.59 20.67 19.24]
 [ 8.25  2.77 22.08 20.72 16.52  9.61  4.1  22.71]
 [20.73 17.31 13.71 13.05 23.36 23.5  20.3  16.47]
 [15.24 25.46 24.12 22.12 12.36  4.16 26.85 24.78]
 [21.38 13.76  6.81 28.15 26.79 25.49 23.34 23.34]]"
